0 0.512761
1 0.222778
2 0.009444
3 0.444444
4 0.222778
5 0.340000
6 0.142778
7 0.231111
8 0.347222
9 0.534444
10 0.320556
11 0.565000
12 0.161111
13 0.115556
14 0.047222
15 0.313889
16 0.462222
17 0.055556
18 0.067222
19 0.647222
20 0.411111
21 0.513889
22 0.588889
23 0.169444
24 0.056111
25 0.269444
26 0.001111
27 0.094444
28 0.500556
29 0.036111
30 0.080556
31 0.005556
32 0.307778
33 0.660556
34 0.377778
35 0.485000
36 0.704444
37 0.667778
38 0.609444
39 0.133889
40 0.011111
41 0.236111
42 0.500556
43 0.047222
44 0.222778
45 0.045556
46 0.245556
47 0.613889
48 0.000556
49 0.142778
50 0.004444
51 0.142778
52 0.517778
53 0.500556
54 0.036111
55 0.162778
56 0.109444
57 0.036111
58 0.029444
59 0.065000
60 0.627778
61 0.787222
62 0.561111
63 0.202778
64 0.249444
65 0.125556
66 0.307778
67 0.127222
68 0.045556
69 0.340000
70 0.182222
71 0.056111
72 0.161111
73 0.236111
74 0.205556
75 0.432222
76 0.507778
77 0.544444
78 0.512222
79 0.045556
80 0.411111
81 0.842778
82 0.627778
83 0.201111
84 0.096111
85 0.188889
86 0.367222
87 0.347222
88 0.080556
89 0.313889
90 0.069444
91 0.402778
92 0.041111
93 0.242222
94 0.515556
95 0.487222
96 0.620556
97 0.513889
