0 151298.906250
1 101367.359375
2 211453.703125
3 257313.062500
4 195019.453125
5 147826.500000
6 116245.953125
7 102601.390625
8 237397.953125
9 141009.578125
10 134956.250000
11 147786.109375
12 117176.093750
13 27399.613281
14 168705.625000
15 138789.281250
16 111669.851562
17 96165.468750
18 112096.117188
19 159923.218750
20 87478.250000
21 139768.015625
22 100884.406250
23 41223.746094
24 96327.203125
25 143907.609375
26 119568.789062
27 62621.933594
28 46138.207031
29 126949.046875
30 153039.421875
31 75606.726562
32 79124.414062
33 76455.046875
34 150228.671875
35 169067.500000
36 159536.875000
37 124696.578125
38 146213.781250
39 116608.781250
40 75606.726562
41 105603.539062
42 174200.281250
43 27013.169922
44 78547.304688
45 80216.718750
46 147218.187500
47 124137.671875
48 228275.953125
49 195830.203125
50 120025.015625
51 83734.523438
52 87299.281250
53 117160.164062
54 143696.171875
55 143153.703125
56 43708.656250
57 82896.648438
58 104525.601562
59 55551.812500
60 101452.937500
61 155625.781250
62 183419.125000
63 15681.614258
64 121772.500000
65 135835.828125
66 92301.632812
67 195302.375000
68 82717.679688
69 78737.976562
70 96755.335938
71 131562.140625
72 169914.984375
73 97867.757812
74 75848.539062
75 183495.531250
76 76829.304688
77 15017.218750
78 172206.093750
79 95179.304688
80 38292.882812
81 73438.945312
82 50005.742188
83 175145.375000
84 30826.732422
85 78547.304688
86 56188.886719
87 108262.500000
88 98724.296875
89 129305.664062
90 177019.187500
91 174961.625000
92 87953.515625
93 130708.218750
94 133863.687500
95 105739.578125
96 78082.781250
97 94504.226562
98 81105.335938
99 25319.947266
100 105258.031250
101 147039.828125
102 27424.050781
103 109416.234375
104 32446.218750
105 140014.234375
106 146396.000000
107 77887.882812
108 111669.851562
109 113400.085938
110 38249.000000
111 98109.875000
112 31818.007812
113 166142.656250
114 68483.843750
115 156215.953125
116 76829.304688
117 171910.078125
118 76490.601562
119 121051.789062
120 64996.015625
121 94013.351562
122 46694.277344
123 138430.500000
124 113907.445312
125 167036.562500
126 100678.617188
127 53800.750000
128 147657.265625
129 143963.296875
130 86972.929688
131 114026.742188
132 153786.609375
133 3805.674561
134 31791.980469
135 152717.203125
136 58087.953125
137 139296.406250
138 49972.265625
139 82461.164062
140 130112.250000
141 39546.820312
142 122650.898438
143 49972.265625
144 97448.492188
145 59747.578125
146 133510.437500
147 106221.875000
148 60191.859375
149 151711.140625
150 68654.000000
151 139296.406250
152 106018.195312
153 44841.820312
154 114026.742188
155 69806.554688
156 58460.035156
157 139012.171875
158 87740.906250
159 39737.273438
160 90772.726562
161 85297.695312
162 169914.984375
163 90175.695312
164 89393.859375
165 65644.898438
166 138712.265625
167 130234.523438
168 150634.828125
169 85648.250000
170 105071.734375
171 152243.546875
172 109634.164062
173 38869.054688
174 69504.156250
175 25073.375000
176 129118.859375
177 88541.000000
178 118090.914062
179 106435.726562
180 83686.992188
181 101969.406250
182 113742.640625
183 132261.187500
184 48156.597656
185 129118.859375
186 146441.671875
187 133510.437500
188 135627.859375
189 172703.500000
190 174961.625000
191 119451.265625
192 120967.554688
193 111697.125000
194 174778.796875
195 122599.632812
196 181150.734375
197 148502.031250
198 55937.910156
199 59473.285156
200 108444.320312
201 145863.734375
202 102570.523438
203 101796.718750
204 75843.554688
205 133280.609375
206 157803.031250
207 126960.085938
208 128653.054688
209 64455.214844
210 116284.500000
211 63926.453125
212 148774.000000
213 145451.140625
214 129363.203125
215 27290.910156
216 58460.035156
217 104474.312500
218 137087.734375
219 98377.820312
220 141194.171875
221 145383.375000
222 48333.421875
223 39617.937500
224 117962.296875
225 53800.750000
226 84123.140625
227 118253.351562
228 132810.781250
229 95990.960938
230 148729.562500
231 40172.851562
232 95067.664062
233 60573.792969
234 85741.750000
235 145407.937500
236 93517.625000
237 83431.171875
238 174961.625000
239 90436.078125
240 140000.421875
241 141002.890625
242 125023.398438
243 150228.671875
244 53816.636719
245 31694.818359
246 89393.859375
247 105897.156250
248 93812.398438
249 25276.701172
250 49322.257812
251 79735.937500
252 31030.060547
253 166287.781250
254 57828.953125
255 155288.781250
256 113999.000000
257 129363.203125
258 110235.406250
259 196527.328125
260 175183.031250
261 98417.859375
262 67405.828125
263 90436.078125
264 128509.625000
265 118253.351562
266 117608.859375
267 78363.109375
268 101464.000000
269 169241.593750
270 106970.984375
271 41002.023438
272 148301.109375
273 101394.601562
274 137087.734375
275 102281.656250
276 105628.773438
277 30826.732422
278 126571.226562
279 62042.945312
280 146396.000000
281 108091.304688
282 144036.500000
283 78547.304688
284 135299.140625
285 38344.390625
286 69806.554688
287 32801.109375
288 76868.820312
289 147400.421875
290 133280.609375
291 13842.984375
292 30438.515625
293 130840.429688
294 134507.859375
295 39320.464844
296 142902.156250
297 59570.054688
298 99067.687500
299 113280.109375
300 153021.015625
301 149621.687500
302 106221.875000
303 133404.046875
304 147879.359375
305 93637.281250
306 48307.812500
307 84914.226562
308 106273.531250
309 102562.296875
310 149859.312500
311 87048.015625
312 68483.843750
313 100829.695312
314 14441.102539
315 132161.062500
316 172517.593750
317 67616.898438
318 9275.960938
319 121538.437500
320 108237.195312
321 166287.781250
322 161250.484375
323 62563.937500
324 38506.257812
325 96191.031250
326 136055.078125
327 151931.078125
328 74744.710938
329 53874.011719
330 136138.531250
331 103257.148438
332 68326.140625
333 80331.289062
334 45006.367188
335 107957.578125
336 131433.953125
337 110235.406250
338 93315.414062
339 101693.000000
340 83686.992188
341 100117.718750
342 141079.609375
343 96320.351562
344 76868.820312
345 62091.230469
346 127949.843750
347 143153.703125
348 72412.414062
349 18225.228516
350 78363.109375
351 60573.792969
352 98674.632812
353 113280.109375
354 165063.421875
355 110392.726562
356 175635.265625
357 72412.414062
358 148077.812500
359 135457.078125
360 87691.648438
361 37879.769531
362 90363.257812
363 127121.148438
364 75827.601562
365 46661.101562
366 177019.187500
367 96165.468750
368 48081.117188
369 213354.984375
370 137035.218750
371 110751.460938
372 118253.351562
373 155625.781250
374 88262.132812
375 93315.414062
376 65623.640625
377 69504.156250
378 57998.117188
379 73725.382812
380 99662.234375
381 55358.503906
382 122080.718750
383 126308.179688
384 165320.640625
385 61025.003906
386 136138.531250
387 175606.437500
388 183495.531250
389 177404.109375
390 81409.484375
391 76921.546875
392 128258.226562
393 176716.609375
394 102525.062500
395 84208.703125
396 92265.390625
397 104607.953125
398 85799.765625
399 157422.062500
400 9275.960938
401 42382.535156
402 139634.062500
403 130444.171875
404 46189.773438
405 93356.414062
406 111672.812500
407 151937.484375
408 103719.812500
409 131195.875000
410 122765.531250
411 117766.593750
412 86660.453125
413 19621.181641
414 70390.898438
415 61733.949219
416 111570.382812
417 213354.984375
418 122970.242188
419 128509.625000
420 146396.000000
421 140221.828125
422 114960.359375
423 206592.953125
424 89696.109375
425 120548.656250
426 59570.054688
427 61588.695312
428 128361.296875
429 85764.250000
430 106266.812500
431 136856.796875
432 104607.953125
433 87299.281250
434 97448.492188
435 200588.000000
436 49105.906250
437 149859.312500
438 35562.929688
439 141618.343750
440 130256.054688
441 32890.402344
442 143907.609375
443 105821.523438
444 99857.351562
445 101170.406250
446 39617.937500
447 99067.687500
448 139012.171875
449 64996.015625
450 137035.218750
451 109106.585938
452 175928.078125
453 99474.929688
454 117927.546875
455 151797.218750
456 121893.257812
457 16097.899414
458 150679.171875
459 77887.882812
460 105385.945312
461 44911.453125
462 31791.980469
463 56402.945312
464 75606.726562
465 138394.500000
466 134908.078125
467 90363.257812
468 75848.539062
469 139634.062500
470 99071.921875
471 110470.429688
472 141002.890625
473 123423.875000
474 57331.910156
475 129719.117188
476 75488.257812
477 39457.699219
478 102705.687500
479 76366.648438
480 44841.820312
481 130234.523438
482 161250.484375
483 176716.609375
484 161533.734375
485 60573.792969
486 102562.296875
487 41014.949219
488 138860.093750
489 64455.214844
490 126960.085938
491 149635.265625
492 126884.726562
493 60573.792969
494 116662.335938
495 151993.218750
496 84208.703125
497 150679.171875
498 150000.203125
499 71832.093750
500 20679.449219
501 69822.335938
502 53800.750000
503 48518.015625
504 76829.304688
505 50319.660156
506 135457.078125
507 132710.234375
508 111038.578125
509 107645.101562
510 172778.687500
511 141715.187500
512 136048.156250
513 109050.367188
514 103435.296875
515 85721.640625
516 31818.007812
517 51569.074219
518 154186.609375
519 98330.093750
520 207475.984375
521 124503.796875
522 69739.523438
523 142208.500000
524 174200.281250
525 31129.439453
526 147218.187500
527 85764.250000
528 116608.781250
529 105071.734375
530 113531.460938
531 108482.789062
532 195302.375000
533 131533.531250
534 123037.171875
535 146830.765625
536 78694.953125
537 142197.078125
538 58087.953125
539 55766.671875
540 125267.781250
541 61733.949219
542 201846.500000
543 30811.103516
544 55588.453125
545 102105.632812
546 47463.601562
547 152109.718750
548 139328.171875
549 113241.992188
550 18567.595703
551 131425.421875
552 20414.285156
553 172778.687500
554 75388.054688
555 25327.287109
556 25327.287109
557 80687.312500
558 33320.906250
559 140472.437500
560 71832.093750
561 99241.773438
562 10346.645508
563 94721.117188
564 113900.203125
565 66861.382812
566 135895.296875
567 140560.031250
568 141280.125000
569 53157.488281
570 19748.396484
571 47277.964844
572 138254.296875
573 66609.062500
574 107225.656250
575 150000.203125
576 113707.062500
577 32801.109375
578 88071.281250
579 87295.062500
580 100169.171875
581 66609.062500
582 128683.437500
583 55358.503906
584 85297.070312
585 142232.031250
586 148768.125000
587 94261.867188
588 130703.062500
589 82828.031250
590 172064.000000
591 86972.929688
592 120875.023438
593 183495.531250
594 3805.674561
595 53874.011719
596 102705.687500
597 152109.718750
598 28300.648438
599 17988.277344
600 107957.578125
601 10393.007812
602 137573.250000
603 99386.195312
604 134033.640625
605 136982.546875
606 136080.171875
607 74991.375000
608 136662.703125
609 141285.140625
610 95531.632812
611 96815.992188
612 138381.375000
613 11146.537109
614 158744.484375
615 38869.054688
616 101452.937500
617 83685.375000
618 115359.718750
619 70327.007812
620 83734.523438
621 158784.640625
622 155269.296875
623 154806.187500
624 100672.093750
625 61387.210938
626 153786.609375
627 100169.171875
628 113882.062500
629 133510.437500
630 166287.781250
631 133280.609375
632 151931.078125
633 111656.609375
634 77041.289062
635 95990.960938
636 33221.675781
637 180462.406250
638 96499.851562
639 163240.781250
640 111616.750000
641 121436.609375
642 78378.914062
643 45006.367188
644 80573.117188
645 95067.664062
646 89629.546875
647 61135.429688
648 46267.253906
649 121581.656250
650 138394.500000
651 134033.640625
652 145537.671875
653 114149.835938
654 133351.781250
655 112514.601562
656 61387.210938
657 111656.609375
658 99551.851562
659 183495.531250
660 101951.304688
661 9837.461914
662 83845.328125
663 69069.554688
664 122732.210938
665 161705.406250
666 27290.910156
667 66535.437500
668 141402.375000
669 68800.507812
670 51284.578125
671 43826.109375
672 87770.468750
673 19286.476562
674 103538.054688
675 19748.396484
676 147372.953125
677 126310.671875
678 99662.234375
679 71422.054688
680 95531.632812
681 69660.554688
682 141652.625000
683 106278.453125
684 149260.062500
685 19748.396484
686 93040.742188
687 122957.585938
688 140613.984375
689 88752.890625
690 72535.085938
691 19849.257812
692 145407.937500
693 80573.117188
694 189669.093750
695 155085.921875
696 95580.476562
697 172778.687500
698 236545.984375
699 68483.843750
700 104063.921875
701 111638.375000
702 109106.585938
703 50074.976562
704 148301.109375
705 100513.507812
706 104607.953125
707 133086.843750
708 119559.218750
709 122080.718750
710 175357.484375
711 58087.953125
712 78737.976562
713 136152.156250
714 96499.851562
715 14846.880859
716 94805.687500
717 134115.593750
718 125770.554688
719 143820.484375
720 93550.859375
721 151711.140625
722 130840.429688
723 136856.796875
724 46576.476562
725 126571.226562
726 73903.484375
727 19458.281250
728 236545.984375
729 149536.843750
730 105905.039062
731 68781.695312
732 92582.531250
733 129118.859375
734 111616.750000
735 111638.375000
736 61025.003906
737 30811.103516
738 135835.828125
739 84123.140625
740 102708.890625
741 80573.117188
742 114026.742188
743 113900.203125
744 85510.820312
745 128773.726562
746 46576.476562
747 33221.675781
748 114149.835938
749 79151.015625
750 119711.078125
751 108482.789062
752 66861.382812
753 137087.734375
754 154171.328125
755 117766.593750
756 70908.398438
757 46927.292969
758 148774.000000
759 109429.562500
760 55644.621094
761 118088.062500
762 98583.890625
763 119991.000000
764 30438.515625
765 165320.640625
766 45916.628906
767 97503.500000
768 69069.554688
769 80028.109375
770 31791.980469
771 128361.296875
772 206592.953125
773 90772.726562
774 111993.671875
775 105919.179688
776 87299.281250
777 120884.007812
778 75973.070312
779 178358.062500
780 88349.390625
781 137569.812500
782 126177.820312
783 147372.953125
784 69822.335938
785 116649.531250
786 11769.801758
787 162924.625000
788 21133.101562
789 95531.632812
790 78378.914062
791 73979.015625
792 153021.015625
793 134115.593750
794 59564.179688
795 102036.773438
796 9275.960938
797 55766.671875
798 102822.460938
799 19536.085938
800 84123.140625
801 154171.328125
802 24311.964844
803 74769.671875
804 31129.439453
805 110478.929688
806 138910.421875
807 101796.718750
808 95886.906250
809 91133.320312
810 115180.421875
811 81738.984375
812 82773.695312
813 138493.468750
814 138494.250000
815 115077.421875
816 100672.093750
817 129837.804688
818 96499.851562
819 126177.812500
820 61135.429688
821 89911.421875
822 88814.070312
823 138430.500000
824 113907.445312
825 119063.750000
826 41014.949219
827 99474.929688
828 156309.359375
829 118224.398438
830 136330.156250
831 129864.398438
832 119063.750000
833 31694.818359
834 94034.898438
835 109416.234375
836 69806.554688
837 106301.203125
838 44134.781250
839 136152.156250
840 126260.992188
841 90010.960938
842 118088.062500
843 106221.875000
844 216968.953125
845 153541.812500
846 105167.554688
847 173313.656250
848 126949.046875
849 139634.062500
850 187024.640625
851 19849.257812
852 15978.831055
853 39617.937500
854 41854.445312
855 94934.140625
856 66731.945312
857 112339.460938
858 130872.742188
859 53157.488281
860 86660.453125
861 130444.171875
862 105892.554688
863 130234.523438
864 167036.562500
865 131120.859375
866 162250.968750
867 122798.796875
868 82665.687500
869 128258.226562
870 143228.968750
871 92892.445312
872 16351.535156
873 26807.093750
874 18390.835938
875 104474.312500
876 134470.968750
877 119707.429688
878 159923.218750
879 137756.421875
880 72895.671875
881 82496.429688
882 93564.531250
883 90772.726562
884 91549.937500
885 141715.187500
886 68328.929688
887 9877.696289
888 111286.945312
889 134075.937500
890 157422.062500
891 126776.375000
892 166287.781250
893 151937.484375
894 112795.109375
895 173792.859375
896 147372.953125
897 5861.651855
898 56819.488281
899 48081.117188
900 99071.921875
901 59533.574219
902 147657.265625
903 106278.453125
904 60306.503906
905 75465.054688
906 133510.437500
907 139615.265625
908 121678.187500
909 109976.734375
