0 5089.964844
1 7719.779297
2 8826.804688
3 3149.271484
4 1684.541504
5 2569.168701
6 3866.571777
7 1887.083862
8 1803.834106
9 2922.599854
10 2179.519531
11 2178.818359
12 2230.308594
13 2370.652344
14 3750.899658
15 3052.287354
16 1306.636475
17 2488.944824
18 2045.468506
19 5020.325195
20 2230.479980
21 1427.758179
22 2601.138184
23 2679.314453
24 3262.166992
25 2426.937988
26 3223.334961
27 1605.488037
28 1710.678345
29 3469.929688
30 2835.416504
31 1740.958496
32 2777.821289
33 1643.192139
34 4101.057129
35 3123.106445
36 2373.512939
37 2013.443359
38 5135.634766
39 1353.512451
40 2791.630371
41 2556.351562
42 1320.189209
43 2993.884033
44 2236.146729
45 3126.948242
46 1234.348022
47 4305.302734
48 1478.245850
49 3923.125488
50 3778.682861
51 2922.749512
52 1365.893555
53 2595.468994
54 2362.348877
55 2129.516113
56 1994.349976
57 3402.516113
58 3316.358887
59 1874.285645
60 4111.200195
61 1756.738525
62 4693.995117
63 2684.063965
64 1464.184692
65 2234.604004
66 2831.025635
67 1832.575684
68 3770.881104
69 2483.236328
70 2817.054443
71 2629.051758
72 2106.694824
73 2949.433350
74 1622.762695
75 2126.058838
76 1898.857544
77 3737.790039
78 4460.795898
79 2780.835205
80 2738.772705
81 2044.713501
82 3581.978760
83 2285.559082
84 3861.500977
85 1652.950806
86 1219.458740
87 4070.559082
88 1983.411377
89 3133.242188
90 2388.611816
91 1506.387695
92 1505.222656
93 1621.766357
94 2913.476807
95 2469.375977
96 1667.561768
97 3976.748779
98 2146.529297
99 2264.339844
100 1543.835327
101 3069.978027
102 3017.339355
103 3353.956787
104 1540.348633
105 1691.642334
106 2445.265137
107 2076.015137
108 1764.099365
109 2191.593994
110 2682.241943
111 3750.147461
112 3647.041504
113 2363.277344
114 2386.498047
115 3804.955322
116 3082.488037
117 1662.849976
118 2827.211426
119 3888.724365
120 2497.210205
121 2290.718750
122 3362.479980
123 2503.559326
124 4126.160156
125 3791.237061
126 2118.286133
127 1249.119751
128 5703.782227
129 1566.092285
130 2704.502930
131 1759.039307
132 2682.593262
133 2183.596191
134 4038.662109
135 2311.554199
136 2256.586426
137 2253.697510
138 1567.157959
139 1847.287598
140 2424.107910
141 2052.404541
142 2712.333496
143 2857.676758
144 1573.568359
145 2250.970703
146 1475.419434
147 2977.862793
148 2084.384277
149 3487.589844
150 1671.557861
151 2780.927246
152 2539.713867
153 3163.703125
154 1640.870728
155 3213.306885
156 2320.810059
157 1666.955322
158 4288.210938
159 3411.141113
160 3427.309326
161 3185.220215
162 3535.550049
163 2436.163574
164 1741.729980
165 2502.041504
166 2416.333008
167 2100.746094
168 2332.524902
169 1309.456909
170 1835.601074
171 2382.709229
172 3172.174316
173 1978.243408
174 3736.117676
175 2546.428711
176 2593.522705
177 2050.472412
178 2546.556396
179 2484.566406
180 2178.974609
181 2607.751221
182 2267.080078
183 2627.932617
184 1711.592285
185 1970.666016
186 2037.150391
187 4139.588379
188 2106.319092
189 1179.406982
190 2443.750977
191 1609.477051
192 1821.832764
193 1742.206665
194 2462.562500
195 2684.125000
196 2634.495850
197 3175.530518
198 2263.005859
199 2583.654785
200 1274.760986
201 1348.472900
202 2128.874512
203 4116.545898
204 2740.009766
205 2732.743896
206 3025.331055
207 2285.549072
208 2368.895020
209 2172.954590
210 1722.892090
211 1987.780762
212 4132.465332
213 2739.190918
214 1887.628296
215 2388.883545
216 2094.988770
217 4536.802246
218 1836.817017
