0 111754.804688
1 70645.500000
2 100155.710938
3 116349.671875
4 113474.648438
5 108530.414062
6 114571.031250
7 116966.398438
8 122624.476562
9 111073.093750
10 121948.132812
11 114565.078125
12 107078.554688
13 130873.796875
14 110410.804688
15 132446.593750
16 128924.578125
17 136206.750000
18 130499.257812
19 144940.046875
20 114352.140625
21 135698.406250
22 123348.328125
23 143708.671875
24 113535.335938
25 109686.968750
26 119549.968750
27 124958.710938
28 123274.703125
29 129338.906250
30 120906.656250
31 123415.031250
32 110921.992188
33 112791.570312
34 128217.226562
35 107275.531250
36 134068.078125
37 109480.796875
38 96751.257812
39 107278.296875
40 120372.718750
41 123401.445312
42 109224.937500
43 134656.140625
44 130676.671875
45 107113.468750
46 123524.523438
47 121255.078125
48 103939.187500
49 106423.796875
50 112758.476562
51 111973.601562
52 107232.125000
53 104584.382812
54 117732.773438
55 119341.015625
56 95487.703125
57 148104.421875
58 104785.335938
59 107727.492188
60 138175.953125
61 101568.250000
62 120122.132812
63 107345.359375
64 127352.617188
65 139586.203125
66 106823.843750
67 123697.453125
68 106783.304688
69 139962.250000
70 116214.406250
71 143106.984375
72 108088.179688
73 129661.062500
74 132425.015625
75 139722.125000
76 127642.921875
77 110884.828125
78 105435.078125
79 112785.984375
80 126153.312500
81 116234.203125
82 118268.593750
83 133034.921875
84 114258.421875
85 100018.257812
86 140522.015625
87 118075.195312
88 124765.570312
89 136009.343750
90 125769.125000
91 144888.578125
92 121503.453125
93 117750.414062
94 106939.109375
95 96944.875000
96 120820.234375
97 130471.617188
98 109892.195312
99 144410.843750
100 115285.757812
101 135672.390625
102 99597.390625
103 111739.117188
104 136903.703125
105 86401.937500
106 115706.859375
107 130356.945312
108 97883.484375
109 123197.382812
110 96884.125000
111 140710.671875
112 125285.773438
113 110973.656250
114 104928.726562
115 123908.335938
116 98038.992188
117 123684.820312
118 139786.984375
119 115136.289062
120 114631.531250
121 119436.960938
122 124531.257812
123 93869.625000
124 131305.781250
125 127154.179688
126 100743.765625
127 138337.328125
128 107008.851562
129 130961.312500
130 126560.796875
131 97368.859375
132 109719.898438
133 138693.281250
134 119898.679688
135 127432.664062
136 118138.875000
137 120444.250000
138 112054.023438
139 113885.046875
140 112229.671875
141 122271.312500
142 120826.023438
143 120229.164062
144 105351.539062
145 117857.921875
146 117715.328125
147 126600.203125
148 121830.953125
149 103635.140625
150 122949.554688
151 116201.265625
152 110249.609375
153 118272.414062
154 110796.390625
155 130956.984375
156 107167.210938
157 107878.234375
158 123828.070312
159 93365.718750
160 108673.484375
161 110526.195312
162 114288.843750
163 116818.796875
164 109042.625000
165 112313.867188
166 114299.835938
167 122987.625000
168 115539.093750
169 106143.289062
170 129616.054688
171 124861.265625
172 103035.039062
173 137613.984375
174 98840.671875
175 107948.492188
176 104827.984375
177 122386.203125
178 110107.250000
179 119052.343750
180 142729.140625
181 107794.695312
182 120580.054688
183 106639.171875
184 102488.539062
185 114388.304688
186 125316.039062
187 110707.492188
188 113387.710938
189 108372.531250
190 122180.968750
191 123672.085938
192 130945.710938
193 116470.828125
194 129932.335938
195 124977.765625
196 78228.398438
197 132462.046875
198 104697.414062
199 115717.742188
200 115907.109375
201 115740.273438
202 129936.546875
203 144696.140625
204 121188.375000
205 127586.015625
206 113069.460938
207 109203.976562
208 121394.906250
209 115664.484375
210 116302.187500
211 133069.937500
212 125033.820312
213 127348.718750
214 106487.281250
215 106169.171875
216 128720.210938
217 104717.273438
218 124471.046875
219 120448.289062
220 111365.257812
221 123268.828125
222 119915.789062
223 165381.187500
224 128505.109375
225 120130.593750
226 113063.304688
227 119864.562500
228 124073.906250
229 113451.375000
230 133111.078125
231 119831.148438
232 116963.132812
233 112304.578125
234 110982.195312
235 127304.898438
236 142544.812500
237 119797.914062
238 131126.937500
239 125069.429688
240 123756.820312
241 124274.304688
242 132955.828125
243 137070.437500
244 118532.695312
245 139487.031250
246 145538.640625
247 102708.953125
248 110691.398438
249 115596.281250
250 107134.992188
251 104893.000000
252 126083.109375
253 124576.585938
254 139167.375000
255 112364.234375
256 117340.218750
257 137501.390625
258 112315.296875
259 118028.804688
260 105360.640625
261 142756.968750
262 118109.546875
263 115784.484375
264 137540.234375
265 106483.117188
266 121721.523438
267 100432.335938
268 123785.632812
269 124750.953125
270 127551.742188
271 116281.648438
272 111359.335938
273 116291.578125
274 102833.734375
275 122699.351562
276 114619.867188
277 104678.921875
278 117851.343750
279 114312.062500
280 133004.375000
281 111934.468750
282 125874.343750
283 117419.273438
284 142828.312500
285 113150.984375
286 136174.734375
287 120437.914062
288 107582.289062
289 116078.093750
290 121110.328125
291 132882.046875
292 138076.187500
293 126435.273438
294 114925.304688
295 121472.562500
296 120995.054688
297 112024.289062
298 125227.015625
299 111865.453125
300 106436.554688
301 111366.492188
302 120081.367188
303 126325.703125
304 117339.867188
305 102567.757812
306 126810.968750
307 125206.742188
308 147410.281250
309 100099.468750
310 136854.437500
311 153134.078125
312 113251.132812
313 106939.070312
314 132297.750000
315 127147.085938
316 161619.546875
317 105113.085938
318 125531.632812
319 134656.375000
320 116257.320312
321 132888.765625
322 118942.117188
323 112810.382812
324 142299.156250
325 100049.789062
326 113719.046875
327 116607.492188
328 146868.796875
329 139060.593750
330 115432.742188
331 104052.539062
332 100180.843750
333 112415.343750
334 106101.421875
335 108992.070312
336 108045.445312
337 122389.648438
338 117585.875000
339 123574.015625
340 120602.117188
341 128430.070312
342 112137.070312
343 103174.859375
344 134736.546875
345 133045.140625
346 130634.500000
347 94333.390625
348 124662.671875
349 150713.718750
350 117497.335938
351 122885.781250
352 116096.812500
353 140371.703125
354 111069.367188
355 111966.976562
356 126629.726562
357 127663.789062
358 122922.273438
359 122844.812500
360 117398.476562
361 128960.296875
362 138774.578125
363 114675.710938
364 137218.421875
365 134934.734375
366 94621.031250
367 127993.812500
368 120530.039062
369 129912.304688
370 98632.804688
371 131791.203125
372 137751.515625
373 117286.062500
374 123487.320312
375 124215.757812
376 110647.406250
377 117907.945312
378 132008.593750
379 135014.828125
380 112609.703125
381 149016.328125
382 110164.218750
383 134577.000000
384 139437.484375
385 113081.062500
386 112706.703125
387 128397.351562
388 108693.468750
389 120445.164062
390 142563.843750
391 108469.125000
392 103190.820312
393 119586.640625
394 121976.242188
395 124323.679688
396 107750.421875
397 132996.609375
398 117464.632812
399 144212.468750
400 124112.640625
401 118170.953125
402 121631.929688
403 118298.367188
404 119463.671875
405 130969.789062
406 137289.093750
407 124785.148438
408 119167.218750
409 93217.601562
410 119556.062500
411 127228.515625
412 117415.226562
413 108316.570312
414 110219.718750
415 102347.875000
416 115260.929688
417 118952.039062
418 128254.609375
419 131989.046875
420 122033.289062
421 127641.312500
422 109825.234375
423 94899.867188
424 107789.554688
425 115891.906250
426 122573.898438
427 112953.523438
428 127960.929688
429 108220.773438
430 103308.656250
431 120043.726562
432 99045.453125
433 117637.039062
434 103017.671875
435 119627.273438
436 116282.726562
437 102697.437500
438 112209.242188
439 133198.718750
440 118799.859375
441 112203.546875
442 132417.375000
443 116743.085938
444 128417.304688
445 113145.234375
446 116955.796875
447 98183.890625
448 118653.968750
449 106433.257812
450 162931.484375
451 126199.960938
452 141174.562500
453 134490.343750
454 141410.812500
455 105509.328125
456 120404.125000
457 122474.023438
458 114157.898438
459 111022.031250
460 108953.578125
461 125694.039062
462 136822.031250
463 128054.632812
464 108414.820312
465 145434.625000
466 121710.398438
467 130109.812500
468 118298.242188
469 109435.054688
470 101865.054688
471 102156.140625
472 120143.703125
473 130996.117188
474 133231.765625
475 122587.492188
476 121735.710938
477 135536.593750
478 100392.242188
479 129064.562500
480 117570.109375
481 125584.765625
482 119277.617188
483 114774.031250
484 100482.273438
485 97677.187500
486 119839.859375
487 117298.304688
488 105599.054688
489 142001.562500
490 136562.953125
491 121511.031250
492 115465.351562
493 92149.929688
494 119948.000000
495 130589.671875
496 121847.812500
497 120644.382812
498 138647.234375
499 133145.109375
500 126255.648438
501 111499.210938
502 107520.210938
503 109018.367188
504 135294.359375
505 118218.601562
506 124077.187500
507 120625.585938
508 136357.781250
509 116683.820312
510 108174.359375
511 118466.773438
512 111397.781250
513 114310.171875
514 119553.921875
515 120914.593750
516 123803.281250
517 117619.851562
518 136939.781250
519 109660.937500
520 112982.937500
521 125023.695312
522 112272.812500
523 94891.648438
524 132469.421875
525 128949.109375
526 118975.148438
527 99198.492188
528 137722.265625
529 114773.804688
530 113003.484375
531 107824.281250
532 102955.656250
533 125560.023438
534 115857.289062
535 125489.710938
536 119698.976562
537 110454.804688
538 132577.937500
539 118041.656250
540 109517.320312
541 117789.687500
542 103935.867188
543 114766.585938
544 105100.609375
545 116514.062500
546 113554.140625
547 109264.960938
548 127257.781250
549 109618.695312
550 100278.976562
551 122447.757812
552 101415.242188
553 115164.757812
554 86498.906250
555 134008.609375
556 115631.234375
557 137421.171875
558 104324.210938
559 128117.851562
560 116851.046875
561 117204.703125
562 113279.609375
563 107197.843750
564 140740.640625
565 136865.140625
566 107748.687500
567 99311.843750
568 121745.710938
569 121679.414062
570 109090.882812
571 104442.734375
572 113872.234375
573 109251.320312
574 116541.882812
575 125037.148438
576 118299.367188
577 128678.195312
578 145877.875000
579 116695.890625
580 101795.617188
581 106153.359375
582 118915.531250
583 125630.781250
584 124561.023438
585 104570.937500
586 116677.414062
587 99828.664062
588 117646.906250
589 122418.218750
590 116240.867188
591 109010.187500
592 141783.109375
593 120162.445312
594 101549.992188
595 113843.664062
596 131996.281250
597 134820.281250
598 97675.960938
599 116112.648438
600 128670.562500
601 108390.875000
602 114749.710938
603 104583.343750
604 129560.664062
605 99321.906250
606 94498.757812
607 129068.382812
608 117849.828125
609 135324.359375
610 122973.875000
611 133841.546875
612 83596.304688
613 121824.734375
614 117452.640625
615 110390.898438
616 121509.875000
617 129121.812500
618 114529.109375
619 104139.921875
620 119693.062500
621 121999.148438
622 123966.179688
623 125170.039062
624 122937.515625
625 132776.906250
626 117067.335938
627 119737.117188
628 100808.226562
629 137176.843750
630 106279.492188
631 111915.117188
632 118361.226562
633 122491.992188
634 124414.367188
635 135101.703125
636 119610.312500
637 122120.289062
638 137847.500000
639 116510.679688
640 123526.000000
641 133021.390625
642 112373.054688
643 108470.757812
644 123820.945312
645 116527.867188
646 128758.000000
647 123473.406250
648 106212.546875
649 115835.234375
650 125118.054688
651 126026.921875
652 112846.929688
653 118813.539062
654 121532.593750
655 113483.734375
656 133924.093750
657 133698.984375
658 140002.156250
659 126864.351562
660 111154.148438
661 124044.164062
662 110965.460938
663 109105.781250
664 124353.171875
665 111832.132812
666 112559.531250
667 120946.968750
668 115947.476562
669 135363.640625
670 135004.234375
671 129332.296875
672 117606.695312
673 108173.828125
674 122104.875000
675 105273.703125
676 105940.578125
677 111838.945312
678 135450.750000
679 96722.562500
680 124409.390625
681 138168.968750
682 115258.992188
683 130110.421875
684 99627.179688
685 106320.359375
686 142951.984375
687 131704.578125
688 140898.781250
689 124044.789062
690 119914.062500
691 113447.179688
692 122049.546875
693 114327.187500
694 115143.382812
695 130939.421875
696 116266.132812
697 136473.953125
698 120523.312500
699 120937.820312
700 124171.296875
701 130323.914062
702 93662.625000
703 118975.445312
704 113530.750000
705 112490.640625
706 137729.671875
707 131526.062500
708 135491.187500
709 116735.773438
710 108310.617188
711 123364.617188
712 120408.203125
713 120723.007812
714 120191.617188
715 107319.000000
716 91663.351562
717 127267.414062
718 119827.710938
719 103160.054688
720 101415.570312
721 130142.960938
722 92406.968750
723 113612.226562
724 121711.343750
725 140309.203125
726 112073.617188
727 121664.054688
728 116813.156250
729 111347.765625
730 113719.617188
731 116742.218750
732 118998.757812
733 129553.828125
734 94313.554688
735 138446.406250
736 117734.078125
737 100894.242188
738 107109.171875
739 123211.179688
740 110590.390625
741 119909.039062
742 120209.226562
743 106871.484375
744 136344.468750
745 114466.031250
746 122462.390625
747 118336.726562
748 102745.734375
749 129071.757812
750 106219.171875
751 106270.695312
752 126225.375000
753 103228.789062
754 115336.242188
755 130716.843750
756 135386.828125
757 106247.351562
758 107935.820312
759 119541.164062
760 139220.078125
761 133057.859375
762 101034.625000
763 127386.617188
764 134230.718750
765 111822.406250
766 122366.226562
767 91934.242188
768 123681.398438
769 109970.945312
770 128478.203125
771 141809.453125
772 112629.515625
773 148512.250000
774 122699.804688
775 93289.289062
776 99235.140625
777 132437.765625
778 123487.007812
779 107747.906250
780 116646.367188
781 98092.273438
782 133157.218750
783 137647.703125
784 120803.257812
785 139386.406250
786 98350.164062
787 134168.109375
788 101050.250000
789 109507.578125
790 107265.015625
791 104959.867188
792 110536.882812
793 116120.687500
794 155216.984375
795 130251.820312
796 119027.750000
797 125239.171875
798 111289.507812
799 141102.468750
800 99993.125000
801 110782.140625
802 112240.320312
803 142534.000000
804 115409.109375
805 120663.664062
806 113392.664062
807 113607.507812
808 129787.843750
809 96769.312500
810 102214.703125
811 121800.828125
812 110009.382812
813 112794.078125
814 119098.773438
815 119718.296875
816 114603.695312
817 128907.898438
818 121115.093750
819 121754.265625
820 131022.898438
821 105541.875000
822 116468.250000
823 118646.585938
824 111958.664062
825 123613.734375
826 115144.156250
827 136851.515625
828 136729.359375
829 141821.781250
830 107093.039062
831 100550.796875
832 122478.570312
833 124416.710938
834 107805.312500
835 117940.625000
836 135479.796875
837 139729.859375
838 127043.250000
839 100510.539062
840 108335.343750
841 115547.585938
842 118735.945312
843 108958.101562
844 109018.375000
845 133910.593750
846 117529.093750
847 121200.515625
848 145103.281250
849 109068.828125
850 124230.812500
851 95507.476562
852 121829.000000
853 128060.843750
854 110392.984375
855 109559.820312
856 131496.140625
857 119705.179688
858 132175.812500
859 136604.453125
860 119809.820312
861 100382.101562
862 147959.343750
863 121611.976562
864 131928.718750
865 123867.164062
866 96979.773438
867 105634.421875
868 140174.734375
869 117485.726562
870 141466.812500
871 111927.875000
872 100718.695312
873 132396.453125
874 125037.757812
875 113362.718750
876 102888.617188
877 134773.750000
878 155468.375000
879 123985.289062
880 104444.343750
881 125245.804688
882 121285.804688
883 117255.890625
884 92557.570312
885 106163.531250
886 133140.421875
887 117982.148438
888 140998.390625
889 115442.687500
890 111847.531250
891 124848.007812
892 118789.273438
893 136578.062500
894 118532.453125
895 93206.320312
896 123707.554688
897 99289.242188
898 108308.046875
899 121290.617188
900 107283.062500
901 139327.187500
902 141691.156250
903 108427.679688
904 135786.171875
905 116427.273438
906 92473.195312
907 113117.000000
908 99892.750000
909 136163.046875
910 118426.304688
911 97982.546875
912 110275.039062
913 127802.429688
914 111753.132812
915 93010.242188
916 120080.320312
917 115488.929688
918 92531.585938
919 114053.484375
920 108362.078125
921 153871.500000
922 134058.953125
923 115071.453125
924 119637.828125
925 131662.093750
926 119539.250000
927 109133.406250
928 122672.296875
929 121651.882812
930 121850.328125
931 115342.789062
932 126566.148438
933 107105.710938
934 122394.367188
935 109698.382812
936 130958.695312
937 109871.539062
938 107131.382812
939 138171.578125
940 127096.210938
941 119694.750000
942 118746.867188
943 111768.992188
944 136319.968750
945 116483.648438
946 119392.484375
947 104334.593750
948 120332.078125
949 125080.125000
950 104023.140625
951 139667.140625
952 125055.492188
953 120725.242188
954 122227.328125
955 107768.156250
956 121265.578125
957 136796.734375
958 101230.523438
959 138704.750000
960 134592.078125
961 103175.031250
962 118611.750000
963 131782.765625
964 127780.296875
965 118223.468750
966 130035.195312
967 130410.421875
968 122318.398438
969 120812.453125
970 125567.359375
971 134576.062500
972 128381.484375
973 128790.093750
974 119775.656250
975 118119.218750
976 122336.484375
977 117475.132812
978 131420.437500
979 106843.054688
980 119135.507812
981 110998.539062
982 124990.890625
983 113833.226562
984 116432.937500
985 120683.218750
986 124066.187500
987 116919.375000
988 131340.078125
989 108518.335938
990 118521.421875
991 118491.640625
992 117218.304688
993 119930.273438
994 118524.609375
995 128154.031250
996 135764.390625
997 117582.453125
998 110023.437500
999 135345.890625
1000 131017.742188
1001 101755.023438
1002 107977.226562
1003 119789.476562
1004 151402.453125
1005 124310.500000
1006 123608.429688
1007 112908.531250
1008 112554.140625
1009 116689.218750
1010 123607.367188
1011 116205.351562
1012 134010.093750
1013 103244.164062
1014 128229.000000
1015 116825.078125
1016 127823.062500
1017 101804.171875
1018 118832.460938
1019 108227.445312
1020 94047.937500
1021 125748.906250
1022 132897.000000
1023 122944.968750
1024 130938.609375
1025 110693.234375
1026 112294.539062
1027 131596.406250
1028 133725.390625
1029 121221.343750
1030 123111.046875
1031 137695.984375
1032 112383.554688
1033 114784.437500
1034 138707.140625
1035 129785.671875
1036 116867.351562
1037 115559.796875
1038 103864.515625
1039 118648.976562
1040 120208.921875
1041 115511.742188
1042 122171.757812
1043 132711.843750
1044 117310.125000
1045 133007.671875
1046 127650.195312
1047 118867.992188
1048 136191.812500
1049 112618.812500
1050 110867.023438
1051 105048.242188
1052 112041.843750
1053 121957.898438
1054 119661.289062
1055 94775.312500
1056 118160.984375
1057 117335.562500
1058 104547.398438
1059 125963.601562
1060 125761.718750
1061 118987.375000
1062 131321.375000
1063 137151.921875
1064 101165.320312
1065 117825.171875
1066 129012.718750
1067 106877.671875
1068 119069.304688
1069 126837.648438
1070 130462.539062
1071 125072.867188
1072 106950.101562
1073 116048.468750
1074 122824.234375
1075 134788.265625
1076 127259.507812
1077 128484.640625
1078 110229.648438
1079 118930.570312
1080 141375.906250
1081 105017.921875
1082 155152.203125
1083 103513.890625
1084 101881.578125
1085 109535.984375
1086 131619.921875
1087 127431.523438
1088 110088.921875
1089 116304.101562
1090 139858.406250
1091 125510.429688
1092 129807.648438
1093 91036.757812
1094 134574.703125
1095 104273.960938
1096 130814.937500
1097 118409.531250
1098 124478.335938
1099 101271.687500
1100 121038.085938
1101 98592.218750
1102 117435.312500
1103 128721.843750
1104 123405.695312
1105 103025.648438
1106 126797.804688
1107 117309.539062
1108 107995.632812
1109 114074.867188
1110 126789.820312
1111 140752.640625
1112 101728.882812
1113 148854.218750
1114 111945.210938
1115 108281.843750
1116 111739.242188
1117 111820.515625
1118 130008.210938
1119 119849.054688
1120 127467.359375
1121 120374.875000
1122 97511.578125
1123 106554.078125
1124 111490.382812
1125 115464.859375
1126 112722.492188
1127 105526.109375
1128 120466.882812
1129 134643.218750
1130 124073.054688
1131 105081.796875
1132 135513.343750
1133 114975.554688
1134 118893.171875
1135 107250.523438
1136 100056.851562
1137 114178.195312
1138 109451.718750
1139 120902.015625
1140 157212.484375
1141 117371.210938
1142 146750.015625
1143 117195.390625
1144 133169.875000
1145 119440.390625
1146 115937.210938
1147 108504.421875
1148 124856.265625
1149 124524.546875
1150 114570.953125
1151 104893.632812
1152 107590.851562
1153 120292.179688
1154 121333.367188
1155 137890.421875
1156 124991.906250
1157 114421.851562
1158 114800.703125
1159 128946.835938
1160 108740.703125
1161 134297.265625
1162 127806.000000
1163 117622.312500
1164 137714.750000
1165 94055.859375
1166 118089.054688
1167 114028.648438
1168 109385.281250
1169 139454.296875
1170 134949.515625
1171 142288.750000
1172 99600.585938
1173 114327.265625
1174 134653.359375
1175 134949.984375
1176 104932.507812
1177 124105.078125
1178 105267.140625
1179 117849.937500
1180 121199.640625
1181 121371.406250
1182 110430.273438
1183 119354.968750
1184 136349.937500
1185 106881.015625
1186 118208.914062
1187 110797.773438
1188 121813.750000
1189 97301.085938
1190 119119.570312
1191 118997.523438
1192 115543.757812
1193 120796.601562
1194 123237.468750
1195 106210.632812
1196 121114.781250
1197 104768.867188
1198 112141.710938
1199 120955.632812
1200 118910.789062
1201 110096.539062
1202 130773.132812
1203 111331.843750
1204 126530.750000
1205 108083.757812
1206 96142.914062
1207 121358.937500
1208 122221.695312
1209 122075.546875
1210 131030.531250
1211 109662.578125
1212 110160.843750
1213 107794.781250
1214 117065.382812
1215 89517.007812
1216 112771.140625
1217 112382.390625
1218 138404.859375
1219 138976.015625
1220 109869.125000
1221 130010.539062
1222 130909.007812
1223 115889.085938
1224 109136.304688
1225 108549.734375
1226 129850.210938
1227 96082.296875
1228 116193.460938
1229 106339.375000
1230 136474.343750
1231 98134.617188
1232 143402.312500
1233 100285.757812
1234 143433.953125
1235 116590.257812
1236 118663.476562
1237 128903.406250
1238 116122.781250
1239 120873.843750
1240 136059.375000
1241 130454.062500
1242 115723.414062
1243 113546.125000
1244 132919.750000
1245 99096.851562
1246 101730.492188
1247 130270.742188
1248 112200.171875
1249 129961.093750
1250 127150.125000
1251 107261.718750
1252 111455.257812
1253 133943.046875
1254 112458.164062
1255 109507.359375
1256 104849.203125
1257 125508.289062
1258 124476.554688
1259 129278.023438
1260 106210.609375
1261 117310.468750
1262 107524.773438
1263 127553.882812
1264 111460.773438
1265 137246.671875
1266 123532.835938
1267 115320.437500
1268 100635.593750
1269 146041.687500
1270 127405.257812
1271 129320.234375
1272 111908.875000
1273 104366.484375
1274 104727.218750
1275 111100.234375
1276 108272.679688
1277 121237.960938
1278 122315.023438
1279 132420.218750
1280 120078.468750
1281 113388.007812
1282 100243.078125
1283 120263.429688
1284 131204.984375
1285 143828.765625
1286 120806.601562
1287 115515.531250
1288 103881.460938
1289 110461.992188
1290 129684.226562
1291 125451.250000
1292 123446.968750
1293 123749.914062
1294 104463.921875
1295 134995.578125
1296 131166.375000
1297 118049.976562
1298 101795.203125
1299 116217.218750
1300 139929.203125
1301 118502.195312
1302 109286.148438
1303 105190.406250
1304 138075.625000
1305 99714.812500
1306 111618.539062
1307 128246.695312
1308 110960.781250
1309 119276.226562
1310 122800.789062
1311 149203.984375
1312 125714.992188
1313 142789.656250
1314 103773.468750
1315 98368.367188
1316 125241.632812
1317 124834.507812
1318 102308.367188
1319 113414.335938
1320 93146.671875
1321 148839.093750
1322 114137.937500
1323 122483.578125
1324 99651.562500
1325 138265.750000
1326 114454.398438
1327 108357.406250
1328 119435.890625
1329 114726.812500
1330 98281.890625
1331 126183.492188
1332 102080.429688
1333 137287.546875
1334 91718.664062
1335 123758.000000
1336 110390.976562
1337 115735.085938
1338 130394.429688
1339 120660.429688
1340 118251.375000
1341 123747.148438
1342 111099.968750
1343 132452.234375
1344 111721.320312
1345 121949.742188
1346 134666.640625
1347 127082.921875
1348 119816.414062
1349 105767.359375
1350 115344.109375
1351 108110.984375
1352 105374.414062
1353 121214.226562
1354 90057.960938
1355 124802.796875
1356 106072.390625
1357 118400.078125
