0  4503.899902
1  8946.221680
2  4596.072754
3  2792.643066
4  3960.760010
5  3238.775635
6  4186.152344
7  2511.651855
8  1856.182129
9  1938.995728
10  3071.210449
11  2475.889160
12  2443.619629
13  2070.464111
14  2539.931152
15  1385.981445
16  2063.296875
17  1953.882568
18  2696.474121
19  4185.020508
20  2087.248047
21  1805.976807
22  3314.677246
23  1895.945557
24  3507.560303
25  3038.435059
26  2880.558594
27  1961.021851
28  1459.724243
29  3464.877686
30  3555.598389
31  2049.504883
32  3239.070068
33  2995.720947
34  3066.839844
35  2340.309082
36  2341.818848
37  2483.930664
38  1893.127441
39  3559.172607
40  3189.469238
41  3313.470947
42  2032.992310
43  3158.426025
44  2610.574707
45  2750.848877
46  2404.417236
47  3279.064941
48  3354.532715
49  1872.255371
50  3690.513428
51  3684.211914
52  3030.969727
53  1957.119629
54  2498.197266
55  1833.437866
56  1670.118530
57  1587.074707
58  2367.972412
59  3011.589844
60  1947.198364
61  1899.434814
 62  2358.010254
 63  2732.273438
 64  3980.070312
 65  3000.233887
 66  2057.570557
 67  3147.969727
 68  1774.703613
 69  2715.987793
 70  3888.401367
 71  2782.925781
 72  2867.571533
 73  1748.371826
 74  2905.124023
 75  2323.128418
 76  2558.261230
 77  1901.338501
 78  2039.256104
 79  4028.933594
 80  2157.987793
 81  2083.967041
 82  1791.786133
 83  1430.624023
 84  2465.196289
 85  3589.453125
 86  3046.880859
 87  2025.449585
 88  1749.326904
 89  2638.582275
 90  3403.763672
 91  2236.247314
 92  1164.468506
 93  3150.836914
 94  1887.644287
 95  2472.199951
 96  2402.037598
 97  1951.435303
 98  1305.937256
 99  2596.085938
 100  2555.438721
 101  1344.650513
 102  2703.194336
 103  3288.684082
 104  5409.722168
 105  2050.513672
 106  3085.783203
 107  3651.975586
 108  1543.314941
 109  1543.090454
 110  1301.978516
 111  2513.535156
 112  3440.251953
 113  3355.337891
 114  2755.165527
 115  2107.345215
 116  2019.890625
