image mean_l var_l entropy e_r e_g e_b clip tile PSNR SSIM pre_PSNR pre_SSIM
1 95.9293 9.9745 7.5084 7.5723 7.4814 7.2903 0.8 18 18.7057 0.9131 15.6246 0.8779
2 82.7653 18.3832 7.0608 7.0573 7.0480 7.1989 0.1 22 22.0847 0.8929 17.9577 0.8499
3 92.4139 4.2586 6.8992 6.7038 6.9920 6.8977 0.1 20 22.0033 0.9444 17.1434 0.9154
4 148.8194 11.4950 7.2964 7.5759 7.1690 7.3479 0.8 18 17.7530 0.9047 16.2589 0.9049
5 102.2173 17.5474 7.5975 7.6024 7.5788 7.2296 0.8 18 19.8945 0.9032 16.7549 0.8616
6 103.5440 22.0915 7.4307 7.6176 7.4070 7.2730 0.1 22 20.8432 0.9071 17.6810 0.8654
7 66.0302 14.0909 6.8523 6.8104 6.8185 6.8825 1.0 2 21.8618 0.8938 16.7726 0.8105
8 74.3689 7.4586 6.9001 6.9489 6.8786 6.7989 1.0 2 20.5278 0.8880 16.4409 0.8734
9 71.2696 9.8873 7.3121 7.5455 6.9860 6.5788 1.0 2 20.8536 0.9026 15.7296 0.8303
10 60.4915 12.4565 7.0860 7.1570 7.0932 6.9638 1.0 2 24.3786 0.9134 18.2394 0.8605
11 71.5124 22.7451 6.8058 6.6016 6.7962 6.5257 0.1 22 24.7882 0.9213 20.9304 0.8909
12 97.0793 22.3920 7.1114 7.0273 7.0710 7.1784 1.0 2 24.8063 0.9243 18.9311 0.8978
13 54.3346 19.8314 6.1635 6.1787 6.1548 5.9179 0.1 22 24.4351 0.9259 21.3077 0.9034
14 97.8629 16.0985 7.1515 7.1106 7.1013 7.1882 0.1 22 24.6203 0.9207 19.4887 0.9143
15 107.2590 17.1666 7.6726 7.5777 7.6293 7.5573 0.1 18 20.5694 0.8998 17.2113 0.8676
16 102.3843 15.5536 7.6168 7.6493 7.6264 7.5622 0.8 18 20.0576 0.9047 17.3557 0.8747
17 100.9074 20.8325 7.2445 7.1603 7.2438 7.2084 1.0 2 23.7676 0.9070 19.6506 0.9112
18 104.8198 16.2841 7.6138 7.6170 7.6380 6.9976 0.8 22 21.4226 0.9232 17.8714 0.8912
19 88.7265 19.4776 7.5018 7.4775 7.4835 7.4472 0.1 22 22.9544 0.9143 18.9957 0.8853
20 96.5588 21.1165 7.4933 7.4006 7.5014 7.4921 0.1 22 22.4909 0.9035 18.7116 0.8647
21 144.6396 15.5732 7.4246 7.3605 7.3901 7.3921 0.1 18 26.2710 0.9589 24.1608 0.9640
22 140.3745 19.6076 7.3892 7.1740 7.2834 7.4965 0.1 18 27.8502 0.9616 25.0777 0.9656
23 99.8666 15.2398 7.0287 6.8409 6.9000 6.5773 0.1 2 20.8468 0.8614 20.8914 0.8647
24 96.0624 23.5060 7.0299 6.9197 6.9318 6.9235 0.1 8 22.5461 0.7434 22.7295 0.7488
25 119.3372 12.1966 7.2185 7.2714 7.1875 6.9698 0.6 2 21.8247 0.9117 20.6875 0.8927
26 123.7288 16.0128 7.2880 7.3451 7.2308 7.3023 0.5 2 23.3489 0.9181 22.1375 0.9026
27 113.9358 13.4761 7.6314 7.5282 7.6392 7.4221 0.5 6 22.6079 0.9224 21.7161 0.9100
28 114.9055 10.4821 7.0401 7.0521 7.0343 7.0765 0.7 4 19.1664 0.8606 18.4779 0.8487
29 132.3072 12.4079 7.1941 7.2759 7.1835 6.9816 0.4 2 21.5742 0.9287 21.1758 0.9229
30 100.2627 14.0499 7.5155 7.5652 7.4925 7.3653 0.6 4 26.2745 0.9550 24.4396 0.9460
31 72.0050 24.4819 6.6741 6.4280 6.7351 6.7452 0.1 22 22.0929 0.8531 18.6944 0.7695
32 67.8577 17.9182 7.1041 6.8659 7.2089 7.1496 0.8 18 20.0476 0.8484 17.1371 0.7416
33 82.1746 10.4586 7.4040 7.3342 7.4061 6.9669 1.0 2 17.4318 0.8490 14.5030 0.7838
34 71.5248 18.8407 7.0947 6.8334 7.1806 7.1011 0.8 18 19.8112 0.8388 16.9822 0.7482
35 117.3052 20.8531 7.6137 7.4237 7.5490 7.5504 0.1 22 18.7954 0.8657 15.2967 0.8270
36 109.7441 22.2056 7.5081 7.3204 7.4150 7.5414 0.1 22 19.2500 0.8595 15.8763 0.8284
37 88.7036 22.5816 7.5091 7.4871 7.4404 7.2149 0.1 22 19.5228 0.8388 15.6840 0.7538
38 62.3970 22.6192 6.2710 6.0716 6.3532 6.2624 0.1 22 21.8231 0.8528 19.0332 0.7586
39 77.3844 27.1967 6.9642 6.9645 6.9351 5.6780 0.1 22 19.8307 0.8058 17.3663 0.6837
40 85.5447 21.0485 7.3363 7.4890 7.2780 6.1678 1.0 2 18.0964 0.8200 14.9734 0.7218
41 132.3169 15.5580 7.1838 7.0275 7.0348 7.2449 0.8 2 19.2179 0.8875 18.4829 0.8728
42 139.6112 8.1943 7.1467 7.1633 7.1126 7.2400 0.9 2 21.0594 0.9203 19.8675 0.9175
43 104.0807 8.5478 7.3937 7.4810 7.4206 7.4501 0.7 2 21.6363 0.9310 21.2066 0.9237
44 76.7703 20.0076 6.9352 7.0590 6.9236 6.8569 0.3 6 25.5652 0.9117 25.1930 0.9085
45 178.0576 7.6671 6.9100 6.6616 6.7088 6.9526 1.0 12 17.5181 0.8940 17.0410 0.9052
46 119.3291 11.7646 6.8822 6.8235 6.8526 7.0380 0.1 2 19.0705 0.8367 19.1500 0.8403
47 132.0067 31.2331 5.8214 5.7706 5.7972 5.9383 0.2 2 26.8829 0.9360 26.5215 0.9361
48 138.5252 4.5864 6.9585 7.0323 6.9697 6.8921 0.9 10 20.3253 0.9161 19.2499 0.9069
49 125.9299 15.7216 6.9920 6.9561 6.9298 6.9635 0.1 14 25.5393 0.9522 25.6498 0.9516
50 138.7749 11.6239 7.1708 6.9280 7.2205 7.4065 0.1 14 23.9791 0.9288 23.6495 0.9307
51 122.3941 8.8556 7.2751 7.3522 7.2052 7.4019 1.0 2 17.7834 0.7905 15.4215 0.7577
52 117.2754 16.5153 7.3936 7.3836 7.3497 7.4169 0.4 6 20.9700 0.8644 20.6472 0.8593
53 91.3575 14.1953 7.4949 7.6269 7.3774 7.4695 0.1 20 24.3962 0.9329 21.6919 0.9291
54 97.9803 8.2888 7.1124 7.1502 7.0924 7.2388 0.1 20 19.9280 0.8406 17.1459 0.8227
55 121.5294 8.1840 6.9922 6.9313 6.8805 7.0246 0.6 2 19.8313 0.8342 19.0000 0.8217
56 138.1634 5.4206 6.8800 6.9188 6.7673 6.7905 1.0 2 21.7815 0.8486 19.9704 0.8278
57 86.5061 6.5140 6.6001 6.8026 6.6093 6.6540 0.8 20 20.4354 0.8127 17.6613 0.7944
58 78.1433 3.7923 6.1831 6.4578 6.2325 6.0605 0.7 2 21.8873 0.8211 20.2913 0.8104
59 90.4521 4.2988 6.4910 6.6402 6.5021 6.4508 0.1 6 18.3350 0.7329 18.4262 0.7323
60 88.8912 3.6449 6.5431 6.6421 6.5547 6.7707 0.4 6 16.7683 0.6504 16.7788 0.6454
61 64.4839 2.8574 6.3588 6.6773 6.4909 6.2595 0.1 6 19.1069 0.7162 19.2215 0.7185
62 72.5177 1.1690 5.7369 5.8955 5.7256 5.8751 0.1 2 17.1946 0.5306 17.1967 0.5290
63 73.9697 1.3901 5.9158 6.1181 5.9239 5.8102 0.2 4 17.9362 0.6014 17.9069 0.5961
64 96.2591 9.0009 7.2580 7.4440 7.0373 5.0561 0.8 20 16.0315 0.8489 13.8196 0.7866
65 111.4544 4.6490 7.0206 7.0581 6.9571 6.7310 0.8 20 25.6516 0.9645 20.6923 0.9444
66 167.6491 3.7380 6.7398 6.1722 6.6423 6.9874 1.0 2 15.3697 0.8323 14.2417 0.8129
67 107.4353 3.7932 6.5837 6.8060 6.5530 6.8064 0.8 20 17.6614 0.8263 15.7712 0.7966
68 119.7544 3.2460 5.8633 5.8601 5.9602 6.1906 1.0 2 19.3763 0.7283 17.3779 0.6984
69 136.6761 8.4689 6.6142 6.6195 6.5840 6.6674 0.6 10 22.7631 0.9201 22.2798 0.9146
70 126.1401 13.4943 7.3047 7.2281 7.1818 7.3288 1.0 2 23.5160 0.9183 20.4756 0.9005
71 136.2914 13.4212 7.2721 7.1591 7.1223 7.2130 1.0 2 21.5547 0.9125 20.3434 0.8954
72 128.9798 16.2072 7.3076 7.0795 7.2835 7.4354 0.1 20 20.6877 0.8697 17.6654 0.8682
73 122.0826 1.5941 5.9198 5.8749 5.9103 6.2117 0.8 20 23.3792 0.8707 20.9274 0.8537
74 116.8799 4.4499 6.2286 6.3402 6.2359 6.3031 1.0 2 17.6103 0.7675 16.6963 0.7540
75 99.1635 1.3272 5.9115 5.9505 5.9570 5.9110 0.2 4 11.2092 0.3833 11.2089 0.3822
76 165.7576 6.4654 6.7559 6.3089 6.5828 6.6395 1.0 2 10.5644 0.6360 9.7593 0.6095
77 49.0682 2.7244 6.1708 6.4407 6.1948 6.1570 1.0 2 25.9947 0.8391 19.7443 0.8155
78 96.2141 5.3034 6.8530 6.9300 6.8523 6.7578 0.6 2 19.0630 0.7633 18.4402 0.7430
79 76.7189 4.2539 6.7100 6.7759 6.7546 6.7275 0.9 2 23.8837 0.8425 19.9229 0.8157
80 91.9540 13.5335 7.1320 7.3357 7.1180 6.9908 0.1 20 24.6947 0.8396 21.5527 0.8420
81 114.4350 6.1917 7.0528 7.0023 7.0434 7.1317 1.0 2 19.2080 0.8423 17.7581 0.8226
82 85.5880 7.5192 6.6895 6.9120 6.6014 6.0704 0.8 20 19.5726 0.8881 16.6637 0.8523
83 130.8866 10.6863 6.1728 5.7818 6.1289 6.3092 1.0 2 14.1100 0.7065 13.2816 0.6961
84 110.7351 6.3730 7.2829 7.2249 7.3058 7.3984 1.0 10 17.1282 0.8203 15.5022 0.7537
85 68.7342 5.2999 6.9929 7.0470 7.0424 7.0385 1.0 4 22.5623 0.9235 17.0402 0.8451
86 65.2367 10.3897 7.3381 7.5552 7.0480 6.5065 1.0 2 19.6195 0.8736 15.0941 0.7815
87 98.2116 14.4872 7.7128 7.7437 7.6775 7.2338 0.8 20 21.4616 0.9176 18.6597 0.8768
88 108.9666 13.2017 7.6750 7.6526 7.5234 6.9820 1.0 4 17.4634 0.8367 15.8619 0.7891
89 94.8913 8.0786 7.4032 7.4334 7.3739 7.5235 1.0 4 21.8425 0.9202 18.3027 0.8839
90 126.1295 16.5687 7.8560 7.7060 7.7966 7.8251 1.0 8 19.2048 0.8988 17.8468 0.8813
91 100.3469 11.7045 7.3689 7.3651 7.3778 7.5729 1.0 2 19.8186 0.8697 16.7040 0.8335
92 112.1568 21.8146 7.7462 7.6862 7.6304 7.7316 1.0 6 21.1125 0.9057 18.8560 0.8830
93 109.2400 12.0573 7.4894 7.4334 7.4866 7.5772 0.1 22 18.7482 0.8956 17.4937 0.8789
94 142.8222 29.0799 7.4634 7.1738 7.2608 7.4761 1.0 2 18.9064 0.8641 15.9524 0.8267
95 98.5406 12.3481 7.4140 7.3921 7.3748 7.5151 1.0 2 17.6724 0.8810 14.7734 0.8522
96 118.3129 13.1582 7.7092 7.6315 7.6499 7.6888 0.9 22 19.0316 0.9173 17.0256 0.9173
97 88.4988 19.8553 7.4220 7.4217 7.3015 6.8270 1.0 2 19.5519 0.9150 16.6521 0.8688
98 89.3637 13.3944 7.6461 7.7611 7.4154 6.6718 1.0 2 17.8479 0.8875 15.6781 0.8484
99 103.4940 7.4526 7.2588 7.2693 7.2342 7.3270 1.0 4 22.9213 0.9115 18.9526 0.8847
100 91.8035 12.3105 7.5942 7.6666 7.5035 7.6109 1.0 2 21.1173 0.9214 17.1978 0.8981
