image# mean_luminance_Haze mean_luminance_AOD clip gridsize PSNR SSIM
1 160.8536 107.6683 0.4 4 19.4083 0.9470
1 160.8536 107.6683 0.4 8 19.5987 0.9495
1 160.8536 107.6683 0.4 12 19.5913 0.9505
1 160.8536 107.6683 0.4 16 19.9550 0.9516
1 160.8536 107.6683 0.5 4 19.6713 0.9475
1 160.8536 107.6683 0.5 8 19.6768 0.9489
1 160.8536 107.6683 0.5 12 19.8011 0.9502
1 160.8536 107.6683 0.5 16 19.9550 0.9516
1 160.8536 107.6683 0.6 4 19.8669 0.9477
1 160.8536 107.6683 0.6 8 19.7605 0.9488
1 160.8536 107.6683 0.6 12 19.8011 0.9502
1 160.8536 107.6683 0.6 16 20.1921 0.9504
1 160.8536 107.6683 0.7 4 20.0375 0.9473
1 160.8536 107.6683 0.7 8 19.8224 0.9482
1 160.8536 107.6683 0.7 12 20.0343 0.9489
1 160.8536 107.6683 0.7 16 20.1921 0.9504
1 160.8536 107.6683 0.8 4 20.1546 0.9467
1 160.8536 107.6683 0.8 8 20.1810 0.9478
1 160.8536 107.6683 0.8 12 20.2767 0.9477
1 160.8536 107.6683 0.8 16 20.1921 0.9504
2 143.8121 93.6582 0.4 4 22.5316 0.9465
2 143.8121 93.6582 0.4 8 22.7872 0.9469
2 143.8121 93.6582 0.4 12 22.8962 0.9478
2 143.8121 93.6582 0.4 16 22.7845 0.9468
2 143.8121 93.6582 0.5 4 22.7300 0.9462
2 143.8121 93.6582 0.5 8 23.0747 0.9462
2 143.8121 93.6582 0.5 12 23.0714 0.9463
2 143.8121 93.6582 0.5 16 22.7845 0.9468
2 143.8121 93.6582 0.6 4 22.8785 0.9450
2 143.8121 93.6582 0.6 8 23.1017 0.9445
2 143.8121 93.6582 0.6 12 23.0714 0.9463
2 143.8121 93.6582 0.6 16 23.7243 0.9440
2 143.8121 93.6582 0.7 4 22.9615 0.9424
2 143.8121 93.6582 0.7 8 23.2733 0.9427
2 143.8121 93.6582 0.7 12 23.2264 0.9415
2 143.8121 93.6582 0.7 16 23.7243 0.9440
2 143.8121 93.6582 0.8 4 23.0079 0.9394
2 143.8121 93.6582 0.8 8 23.4214 0.9373
2 143.8121 93.6582 0.8 12 23.5288 0.9347
2 143.8121 93.6582 0.8 16 23.7243 0.9440
3 151.8652 102.2334 0.4 4 21.8013 0.9628
3 151.8652 102.2334 0.4 8 21.0676 0.9607
3 151.8652 102.2334 0.4 12 22.2804 0.9661
3 151.8652 102.2334 0.4 16 23.9512 0.9685
3 151.8652 102.2334 0.5 4 22.2164 0.9630
3 151.8652 102.2334 0.5 8 21.2334 0.9603
3 151.8652 102.2334 0.5 12 23.2374 0.9669
3 151.8652 102.2334 0.5 16 23.9512 0.9685
3 151.8652 102.2334 0.6 4 22.5202 0.9628
3 151.8652 102.2334 0.6 8 21.4388 0.9598
3 151.8652 102.2334 0.6 12 23.2374 0.9669
3 151.8652 102.2334 0.6 16 23.9512 0.9685
3 151.8652 102.2334 0.7 4 22.6387 0.9619
3 151.8652 102.2334 0.7 8 21.5800 0.9590
3 151.8652 102.2334 0.7 12 22.6081 0.9622
3 151.8652 102.2334 0.7 16 23.9512 0.9685
3 151.8652 102.2334 0.8 4 22.8073 0.9611
3 151.8652 102.2334 0.8 8 21.9690 0.9585
3 151.8652 102.2334 0.8 12 22.6081 0.9622
3 151.8652 102.2334 0.8 16 25.2532 0.9646
4 195.5698 156.3898 0.4 4 18.0385 0.9370
4 195.5698 156.3898 0.4 8 18.3366 0.9387
4 195.5698 156.3898 0.4 12 18.5425 0.9406
4 195.5698 156.3898 0.4 16 19.0702 0.9424
4 195.5698 156.3898 0.5 4 17.8172 0.9336
4 195.5698 156.3898 0.5 8 17.9572 0.9340
4 195.5698 156.3898 0.5 12 18.2194 0.9359
4 195.5698 156.3898 0.5 16 19.0702 0.9424
4 195.5698 156.3898 0.6 4 17.5966 0.9306
4 195.5698 156.3898 0.6 8 17.7783 0.9316
4 195.5698 156.3898 0.6 12 18.2194 0.9359
4 195.5698 156.3898 0.6 16 18.3565 0.9332
4 195.5698 156.3898 0.7 4 17.2610 0.9259
4 195.5698 156.3898 0.7 8 17.6268 0.9293
4 195.5698 156.3898 0.7 12 18.0350 0.9310
4 195.5698 156.3898 0.7 16 18.3565 0.9332
4 195.5698 156.3898 0.8 4 17.0550 0.9225
4 195.5698 156.3898 0.8 8 17.2785 0.9237
4 195.5698 156.3898 0.8 12 17.7775 0.9265
4 195.5698 156.3898 0.8 16 18.3565 0.9332
5 158.5849 111.2779 0.4 4 19.3946 0.9346
5 158.5849 111.2779 0.4 8 19.8542 0.9382
5 158.5849 111.2779 0.4 12 19.7502 0.9385
5 158.5849 111.2779 0.4 16 20.0661 0.9392
5 158.5849 111.2779 0.5 4 19.5028 0.9361
5 158.5849 111.2779 0.5 8 19.7892 0.9385
5 158.5849 111.2779 0.5 12 20.0383 0.9392
5 158.5849 111.2779 0.5 16 20.0661 0.9392
5 158.5849 111.2779 0.6 4 19.4843 0.9368
5 158.5849 111.2779 0.6 8 19.8761 0.9388
5 158.5849 111.2779 0.6 12 20.0383 0.9392
5 158.5849 111.2779 0.6 16 20.7546 0.9404
5 158.5849 111.2779 0.7 4 19.4894 0.9372
5 158.5849 111.2779 0.7 8 20.0209 0.9391
5 158.5849 111.2779 0.7 12 20.1960 0.9383
5 158.5849 111.2779 0.7 16 20.7546 0.9404
5 158.5849 111.2779 0.8 4 19.4950 0.9373
5 158.5849 111.2779 0.8 8 20.1708 0.9384
5 158.5849 111.2779 0.8 12 20.6265 0.9372
5 158.5849 111.2779 0.8 16 20.7546 0.9404
6 158.7568 113.4814 0.4 4 20.5083 0.9413
6 158.7568 113.4814 0.4 8 21.0977 0.9437
6 158.7568 113.4814 0.4 12 21.1323 0.9434
6 158.7568 113.4814 0.4 16 21.3287 0.9442
6 158.7568 113.4814 0.5 4 20.3455 0.9403
6 158.7568 113.4814 0.5 8 20.8215 0.9415
6 158.7568 113.4814 0.5 12 21.1232 0.9419
6 158.7568 113.4814 0.5 16 21.3287 0.9442
6 158.7568 113.4814 0.6 4 20.2153 0.9391
6 158.7568 113.4814 0.6 8 20.7422 0.9396
6 158.7568 113.4814 0.6 12 21.1232 0.9419
6 158.7568 113.4814 0.6 16 21.5573 0.9402
6 158.7568 113.4814 0.7 4 20.0653 0.9366
6 158.7568 113.4814 0.7 8 20.6743 0.9375
6 158.7568 113.4814 0.7 12 21.0847 0.9381
6 158.7568 113.4814 0.7 16 21.5573 0.9402
6 158.7568 113.4814 0.8 4 19.8782 0.9337
6 158.7568 113.4814 0.8 8 20.6051 0.9325
6 158.7568 113.4814 0.8 12 21.0280 0.9310
6 158.7568 113.4814 0.8 16 21.5573 0.9402
7 134.9579 79.2063 0.4 4 21.8444 0.9275
7 134.9579 79.2063 0.4 8 21.6126 0.9257
7 134.9579 79.2063 0.4 12 21.4854 0.9248
7 134.9579 79.2063 0.4 16 22.5155 0.9304
7 134.9579 79.2063 0.5 4 22.2193 0.9287
7 134.9579 79.2063 0.5 8 22.0537 0.9271
7 134.9579 79.2063 0.5 12 21.9146 0.9256
7 134.9579 79.2063 0.5 16 22.5155 0.9304
7 134.9579 79.2063 0.6 4 22.5616 0.9287
7 134.9579 79.2063 0.6 8 22.1648 0.9264
7 134.9579 79.2063 0.6 12 21.9146 0.9256
7 134.9579 79.2063 0.6 16 22.7206 0.9271
7 134.9579 79.2063 0.7 4 22.8684 0.9274
7 134.9579 79.2063 0.7 8 22.4471 0.9239
7 134.9579 79.2063 0.7 12 22.0643 0.9235
7 134.9579 79.2063 0.7 16 22.7206 0.9271
7 134.9579 79.2063 0.8 4 23.0419 0.9254
7 134.9579 79.2063 0.8 8 22.5255 0.9216
7 134.9579 79.2063 0.8 12 22.4089 0.9191
7 134.9579 79.2063 0.8 16 22.9526 0.9175
8 150.8181 92.2064 0.4 4 21.3986 0.9314
8 150.8181 92.2064 0.4 8 21.4526 0.9316
8 150.8181 92.2064 0.4 12 21.6642 0.9327
8 150.8181 92.2064 0.4 16 21.2076 0.9317
8 150.8181 92.2064 0.5 4 21.6114 0.9295
8 150.8181 92.2064 0.5 8 21.4065 0.9274
8 150.8181 92.2064 0.5 12 21.7933 0.9289
8 150.8181 92.2064 0.5 16 21.2076 0.9317
8 150.8181 92.2064 0.6 4 21.6514 0.9267
8 150.8181 92.2064 0.6 8 21.5789 0.9252
8 150.8181 92.2064 0.6 12 21.7933 0.9289
8 150.8181 92.2064 0.6 16 21.3571 0.9213
8 150.8181 92.2064 0.7 4 21.7426 0.9225
8 150.8181 92.2064 0.7 8 21.6573 0.9220
8 150.8181 92.2064 0.7 12 21.6371 0.9206
8 150.8181 92.2064 0.7 16 21.3571 0.9213
8 150.8181 92.2064 0.8 4 21.7452 0.9181
8 150.8181 92.2064 0.8 8 21.5808 0.9144
8 150.8181 92.2064 0.8 12 21.5588 0.9122
8 150.8181 92.2064 0.8 16 21.3571 0.9213
9 144.6945 84.8739 0.4 4 20.1814 0.9248
9 144.6945 84.8739 0.4 8 20.1811 0.9252
9 144.6945 84.8739 0.4 12 20.0747 0.9242
9 144.6945 84.8739 0.4 16 19.8405 0.9213
9 144.6945 84.8739 0.5 4 20.5927 0.9262
9 144.6945 84.8739 0.5 8 20.6581 0.9260
9 144.6945 84.8739 0.5 12 20.5536 0.9239
9 144.6945 84.8739 0.5 16 19.8405 0.9213
9 144.6945 84.8739 0.6 4 20.8941 0.9261
9 144.6945 84.8739 0.6 8 20.7704 0.9246
9 144.6945 84.8739 0.6 12 20.5536 0.9239
9 144.6945 84.8739 0.6 16 20.7673 0.9214
9 144.6945 84.8739 0.7 4 21.1698 0.9246
9 144.6945 84.8739 0.7 8 21.0425 0.9241
9 144.6945 84.8739 0.7 12 21.0485 0.9220
9 144.6945 84.8739 0.7 16 20.7673 0.9214
9 144.6945 84.8739 0.8 4 21.3991 0.9228
9 144.6945 84.8739 0.8 8 21.0953 0.9188
9 144.6945 84.8739 0.8 12 21.1091 0.9160
9 144.6945 84.8739 0.8 16 20.7673 0.9214
10 212.7442 179.3413 0.4 4 12.8492 0.7582
10 212.7442 179.3413 0.4 8 12.4875 0.7548
10 212.7442 179.3413 0.4 12 12.1532 0.7507
10 212.7442 179.3413 0.4 16 12.0952 0.7467
10 212.7442 179.3413 0.5 4 13.0071 0.7617
10 212.7442 179.3413 0.5 8 12.5546 0.7566
10 212.7442 179.3413 0.5 12 12.1532 0.7507
10 212.7442 179.3413 0.5 16 12.2280 0.7528
10 212.7442 179.3413 0.6 4 13.1529 0.7649
10 212.7442 179.3413 0.6 8 12.6932 0.7599
10 212.7442 179.3413 0.6 12 12.3277 0.7545
10 212.7442 179.3413 0.6 16 12.2280 0.7528
10 212.7442 179.3413 0.7 4 13.3156 0.7679
10 212.7442 179.3413 0.7 8 12.8096 0.7625
10 212.7442 179.3413 0.7 12 12.5095 0.7585
10 212.7442 179.3413 0.7 16 12.3616 0.7563
10 212.7442 179.3413 0.8 4 13.4594 0.7705
10 212.7442 179.3413 0.8 8 12.8716 0.7641
10 212.7442 179.3413 0.8 12 12.6251 0.7611
10 212.7442 179.3413 0.8 16 12.3616 0.7563
11 177.2442 126.6247 0.4 4 20.4976 0.9250
11 177.2442 126.6247 0.4 8 20.0723 0.9226
11 177.2442 126.6247 0.4 12 20.2657 0.9228
11 177.2442 126.6247 0.4 16 20.1644 0.9228
11 177.2442 126.6247 0.5 4 20.4695 0.9241
11 177.2442 126.6247 0.5 8 20.1488 0.9221
11 177.2442 126.6247 0.5 12 20.2657 0.9228
11 177.2442 126.6247 0.5 16 20.4270 0.9216
11 177.2442 126.6247 0.6 4 20.3591 0.9225
11 177.2442 126.6247 0.6 8 20.0358 0.9203
11 177.2442 126.6247 0.6 12 20.2548 0.9216
11 177.2442 126.6247 0.6 16 20.4270 0.9216
11 177.2442 126.6247 0.7 4 20.2690 0.9206
11 177.2442 126.6247 0.7 8 19.8679 0.9174
11 177.2442 126.6247 0.7 12 20.1608 0.9185
11 177.2442 126.6247 0.7 16 20.3964 0.9169
11 177.2442 126.6247 0.8 4 20.0918 0.9179
11 177.2442 126.6247 0.8 8 19.8368 0.9148
11 177.2442 126.6247 0.8 12 20.0396 0.9152
11 177.2442 126.6247 0.8 16 20.3964 0.9169
12 173.3862 120.0378 0.4 4 17.2607 0.8638
12 173.3862 120.0378 0.4 8 17.0428 0.8628
12 173.3862 120.0378 0.4 12 17.1243 0.8624
12 173.3862 120.0378 0.4 16 16.9714 0.8594
12 173.3862 120.0378 0.5 4 17.4325 0.8661
12 173.3862 120.0378 0.5 8 17.0286 0.8631
12 173.3862 120.0378 0.5 12 17.1243 0.8624
12 173.3862 120.0378 0.5 16 17.2091 0.8637
12 173.3862 120.0378 0.6 4 17.5506 0.8677
12 173.3862 120.0378 0.6 8 17.1167 0.8648
12 173.3862 120.0378 0.6 12 17.2219 0.8641
12 173.3862 120.0378 0.6 16 17.2091 0.8637
12 173.3862 120.0378 0.7 4 17.6815 0.8690
12 173.3862 120.0378 0.7 8 17.1567 0.8656
12 173.3862 120.0378 0.7 12 17.3015 0.8653
12 173.3862 120.0378 0.7 16 17.1288 0.8641
12 173.3862 120.0378 0.8 4 17.7886 0.8701
12 173.3862 120.0378 0.8 8 17.2002 0.8663
12 173.3862 120.0378 0.8 12 17.3230 0.8660
12 173.3862 120.0378 0.8 16 17.1288 0.8641
13 196.4738 155.5267 0.4 4 18.1693 0.8744
13 196.4738 155.5267 0.4 8 17.6689 0.8715
13 196.4738 155.5267 0.4 12 17.1322 0.8683
13 196.4738 155.5267 0.4 16 17.0541 0.8676
13 196.4738 155.5267 0.5 4 18.2654 0.8751
13 196.4738 155.5267 0.5 8 17.7445 0.8723
13 196.4738 155.5267 0.5 12 17.1322 0.8683
13 196.4738 155.5267 0.5 16 17.0305 0.8670
13 196.4738 155.5267 0.6 4 18.3821 0.8758
13 196.4738 155.5267 0.6 8 17.7634 0.8724
13 196.4738 155.5267 0.6 12 17.1218 0.8685
13 196.4738 155.5267 0.6 16 17.0305 0.8670
13 196.4738 155.5267 0.7 4 18.4437 0.8762
13 196.4738 155.5267 0.7 8 17.8177 0.8727
13 196.4738 155.5267 0.7 12 17.1877 0.8688
13 196.4738 155.5267 0.7 16 17.0568 0.8667
13 196.4738 155.5267 0.8 4 18.4393 0.8760
13 196.4738 155.5267 0.8 8 17.8920 0.8731
13 196.4738 155.5267 0.8 12 17.2299 0.8685
13 196.4738 155.5267 0.8 16 17.0568 0.8667
14 199.5770 156.7149 0.4 4 16.3124 0.8532
14 199.5770 156.7149 0.4 8 15.8046 0.8491
14 199.5770 156.7149 0.4 12 15.5040 0.8453
14 199.5770 156.7149 0.4 16 15.3743 0.8396
14 199.5770 156.7149 0.5 4 16.5038 0.8576
14 199.5770 156.7149 0.5 8 15.8838 0.8512
14 199.5770 156.7149 0.5 12 15.5040 0.8453
14 199.5770 156.7149 0.5 16 15.4821 0.8470
14 199.5770 156.7149 0.6 4 16.7322 0.8622
14 199.5770 156.7149 0.6 8 16.0001 0.8551
14 199.5770 156.7149 0.6 12 15.6599 0.8505
14 199.5770 156.7149 0.6 16 15.4821 0.8470
14 199.5770 156.7149 0.7 4 16.9519 0.8660
14 199.5770 156.7149 0.7 8 16.1576 0.8589
14 199.5770 156.7149 0.7 12 15.6580 0.8535
14 199.5770 156.7149 0.7 16 15.4470 0.8517
14 199.5770 156.7149 0.8 4 17.1577 0.8696
14 199.5770 156.7149 0.8 8 16.2540 0.8616
14 199.5770 156.7149 0.8 12 15.7327 0.8564
14 199.5770 156.7149 0.8 16 15.4470 0.8517
15 200.3603 159.9400 0.4 4 13.0167 0.7155
15 200.3603 159.9400 0.4 8 12.6370 0.7111
15 200.3603 159.9400 0.4 12 12.4447 0.7076
15 200.3603 159.9400 0.4 16 12.4717 0.7029
15 200.3603 159.9400 0.5 4 13.1368 0.7208
15 200.3603 159.9400 0.5 8 12.6699 0.7137
15 200.3603 159.9400 0.5 12 12.4447 0.7076
15 200.3603 159.9400 0.5 16 12.4496 0.7108
15 200.3603 159.9400 0.6 4 13.2286 0.7257
15 200.3603 159.9400 0.6 8 12.7390 0.7183
15 200.3603 159.9400 0.6 12 12.4411 0.7118
15 200.3603 159.9400 0.6 16 12.4496 0.7108
15 200.3603 159.9400 0.7 4 13.3084 0.7298
15 200.3603 159.9400 0.7 8 12.7597 0.7221
15 200.3603 159.9400 0.7 12 12.5708 0.7178
15 200.3603 159.9400 0.7 16 12.3595 0.7160
15 200.3603 159.9400 0.8 4 13.3913 0.7337
15 200.3603 159.9400 0.8 8 12.8363 0.7261
15 200.3603 159.9400 0.8 12 12.5732 0.7214
15 200.3603 159.9400 0.8 16 12.3595 0.7160
16 186.0824 145.2094 0.4 4 20.4482 0.9013
16 186.0824 145.2094 0.4 8 20.2197 0.9007
16 186.0824 145.2094 0.4 12 19.7754 0.8977
16 186.0824 145.2094 0.4 16 19.8303 0.8967
16 186.0824 145.2094 0.5 4 20.4754 0.9022
16 186.0824 145.2094 0.5 8 20.3020 0.9016
16 186.0824 145.2094 0.5 12 19.7754 0.8977
16 186.0824 145.2094 0.5 16 19.3616 0.8950
16 186.0824 145.2094 0.6 4 20.4268 0.9025
16 186.0824 145.2094 0.6 8 20.1614 0.9010
16 186.0824 145.2094 0.6 12 19.7356 0.8980
16 186.0824 145.2094 0.6 16 19.3616 0.8950
16 186.0824 145.2094 0.7 4 20.3503 0.9023
16 186.0824 145.2094 0.7 8 20.1601 0.9008
16 186.0824 145.2094 0.7 12 19.8510 0.8984
16 186.0824 145.2094 0.7 16 19.3506 0.8938
16 186.0824 145.2094 0.8 4 20.2632 0.9016
16 186.0824 145.2094 0.8 8 20.0357 0.8995
16 186.0824 145.2094 0.8 12 19.6241 0.8954
16 186.0824 145.2094 0.8 16 19.3506 0.8938
17 129.8198 70.5174 0.4 4 16.5457 0.8333
17 129.8198 70.5174 0.4 8 16.3198 0.8281
17 129.8198 70.5174 0.4 12 16.5081 0.8349
17 129.8198 70.5174 0.4 16 16.0070 0.8191
17 129.8198 70.5174 0.5 4 16.8440 0.8401
17 129.8198 70.5174 0.5 8 16.3693 0.8286
17 129.8198 70.5174 0.5 12 16.5081 0.8349
17 129.8198 70.5174 0.5 16 16.2545 0.8239
17 129.8198 70.5174 0.6 4 17.0399 0.8441
17 129.8198 70.5174 0.6 8 16.5161 0.8319
17 129.8198 70.5174 0.6 12 16.5130 0.8334
17 129.8198 70.5174 0.6 16 16.2545 0.8239
17 129.8198 70.5174 0.7 4 17.2443 0.8476
17 129.8198 70.5174 0.7 8 16.6807 0.8349
17 129.8198 70.5174 0.7 12 16.5745 0.8332
17 129.8198 70.5174 0.7 16 16.4789 0.8284
17 129.8198 70.5174 0.8 4 17.4584 0.8513
17 129.8198 70.5174 0.8 8 16.7808 0.8363
17 129.8198 70.5174 0.8 12 16.6421 0.8329
17 129.8198 70.5174 0.8 16 16.4789 0.8284
18 151.3881 103.7254 0.4 4 18.2031 0.8799
18 151.3881 103.7254 0.4 8 18.2816 0.8823
18 151.3881 103.7254 0.4 12 18.5605 0.8853
18 151.3881 103.7254 0.4 16 18.2398 0.8798
18 151.3881 103.7254 0.5 4 18.2807 0.8824
18 151.3881 103.7254 0.5 8 18.2576 0.8833
18 151.3881 103.7254 0.5 12 18.5605 0.8853
18 151.3881 103.7254 0.5 16 18.6010 0.8870
18 151.3881 103.7254 0.6 4 18.3771 0.8846
18 151.3881 103.7254 0.6 8 18.3809 0.8855
18 151.3881 103.7254 0.6 12 18.6053 0.8872
18 151.3881 103.7254 0.6 16 18.6010 0.8870
18 151.3881 103.7254 0.7 4 18.4008 0.8856
18 151.3881 103.7254 0.7 8 18.3516 0.8864
18 151.3881 103.7254 0.7 12 18.7002 0.8880
18 151.3881 103.7254 0.7 16 18.7394 0.8885
18 151.3881 103.7254 0.8 4 18.3783 0.8863
18 151.3881 103.7254 0.8 8 18.3520 0.8866
18 151.3881 103.7254 0.8 12 18.8152 0.8890
18 151.3881 103.7254 0.8 16 18.7394 0.8885
