 0  88449.062500
 1  82490.656250
 2  98786.656250
 3  95416.218750
 4  101374.890625
 5  105811.546875
 6  145310.500000
 7  195905.718750
 8  178316.343750
 9  127612.726562
 10  127675.773438
 11  128634.867188
 12  128634.867188
 13  77813.828125
 14  70553.804688
 15  72330.562500
 16  73137.664062
 17  76210.625000
 18  79279.718750
 19  73053.093750
 20  59389.953125
 21  61152.382812
 22  73481.781250
 23  73481.781250
 24  104545.640625
 25  106617.171875
 26  68564.585938
 27  55896.601562
 28  80904.453125
 29  100349.398438
 30  107996.320312
 31  120752.000000
 32  120420.328125
 33  118983.710938
 34  118983.710938
 35  112452.718750
 36  112452.718750
 37  121929.703125
 38  124118.718750
 39  106218.671875
 40  95477.906250
 41  101085.046875
 42  108291.687500
 43  118480.625000
 44  149039.406250
 45  148938.875000
 46  147395.546875
 47  147395.546875
 48  83639.578125
 49  74529.859375
 50  81608.203125
 51  84837.078125
 52  85409.304688
 53  85955.226562
 54  91036.179688
 55  102229.296875
 56  101039.078125
 57  92701.734375
 58  92701.734375
 59  73644.734375
 60  72373.406250
 61  104099.578125
 62  114677.242188
 63  94132.046875
 64  78148.250000
 65  80949.593750
 66  85625.742188
 67  84813.632812
 68  81252.710938
 69  81252.710938
 70  99934.054688
 71  99934.054688
 72  88112.226562
 73  85385.109375
 74  126560.210938
 75  151266.843750
 76  146203.703125
 77  139707.250000
 78  132582.890625
 79  111198.460938
 80  108867.601562
 81  73965.875000
 82  73965.875000
 83  96255.476562
 84  99439.718750
 85  106310.335938
 86  109425.390625
 87  100331.484375
 88  91246.734375
 89  95032.718750
 90  103342.281250
 91  99680.390625
 92  74055.265625
 93  74055.265625
 94  59930.960938
 95  58989.835938
 96  144949.500000
 97  173598.750000
 98  121149.171875
 99  80354.796875
 100  98811.031250
 101  129618.726562
 102  124681.039062
 103  103174.492188
 104  103174.492188
 105  105507.937500
 106  105507.937500
 107  121750.515625
 108  125494.890625
 109  105711.640625
 110  93853.453125
 111  99148.421875
 112  105947.890625
 113  100550.867188
 114  84353.328125
 115  84920.578125
 116  93432.984375
 117  93432.984375
 118  86832.796875
 119  85887.718750
 120  102764.289062
 121  110452.484375
 122  125612.312500
 123  140738.843750
 124  116196.281250
 125  62235.746094
 126  69811.585938
 127  122844.359375
 128  122844.359375
 129  110816.726562
 130  110015.945312
 131  110388.390625
 132  110514.968750
 133  127547.671875
 134  140798.609375
 135  132660.468750
 136  119120.585938
 137  116039.414062
 138  102659.234375
 139  102659.234375
 140  68400.906250
 141  68400.906250
 142  125148.265625
 143  138244.468750
 144  143471.187500
 145  146572.890625
 146  125735.703125
 147  98968.468750
 148  99774.984375
 149  102195.468750
 150  103985.640625
 151  130840.820312
 152  130840.820312
 153  112692.421875
 154  110099.703125
 155  95947.265625
 156  89526.070312
 157  101747.031250
 158  113963.367188
 159  101286.593750
 160  73387.062500
 161  77373.500000
 162  105271.031250
 163  105271.031250
 164  67696.375000
 165  65188.960938
 166  77141.171875
 167  81132.062500
 168  89916.093750
 169  96742.390625
 170  98207.851562
 171  100664.015625
 172  100216.468750
 173  98232.601562
 174  98232.601562
 175  169873.359375
 176  169873.359375
 177  108506.500000
 178  94336.843750
 179  92076.359375
 180  90716.906250
 181  79706.445312
 182  65563.750000
 183  73902.640625
 184  98919.562500
 185  97341.734375
 186  73680.171875
 187  73680.171875
 188  108318.820312
 189  113265.593750
 190  113132.234375
 191  113093.554688
 192  105837.921875
 193  98555.703125
 194  95908.718750
 195  90051.546875
 196  91694.351562
 197  103190.226562
 198  103190.226562
 199  110328.687500
 200  110804.976562
 201  110417.820312
 202  110283.210938
 203  102621.835938
 204  96677.429688
 205  91905.773438
 206  83953.046875
 207  88610.531250
 208  108821.781250
 209  108821.781250
 210  126127.078125
 211  126127.078125
 212  134802.093750
 213  136822.906250
 214  90103.960938
 215  62066.105469
 216  81616.765625
 217  106762.898438
 218  108655.070312
 219  114341.679688
 220  114183.640625
 221  111809.242188
 222  111809.242188
 223  119941.656250
 224  121104.468750
 225  128560.671875
 226  131954.062500
 227  117497.703125
 228  103018.632812
 229  106956.328125
 230  115624.570312
 231  117166.843750
 232  127943.359375
 233  127943.359375
 234  89757.882812
 235  87210.390625
 236  93283.382812
 237  95303.500000
 238  88796.101562
 239  83724.625000
 240  84442.031250
 241  85682.453125
 242  94182.718750
 243  130981.484375
 244  130981.484375
 245  12813.496094
 246  12813.496094
 247  68741.148438
 248  81645.273438
 249  77690.960938
 250  75333.390625
 251  103519.546875
 252  139760.656250
 253  144869.031250
 254  160156.187500
 255  155734.843750
 256  89436.070312
 257  89436.070312
 258  81484.117188
 259  80345.609375
 260  104397.781250
 261  115332.460938
 262  112487.406250
 263  109629.796875
 264  82754.281250
 265  23669.519531
 266  29854.019531
 267  73138.757812
 268  73138.757812
 269  114720.890625
 270  117492.921875
 271  99972.445312
 272  94126.617188
 273  101135.312500
 274  106601.125000
 275  116089.359375
 276  131885.890625
 277  132044.359375
 278  132726.468750
 279  132726.468750
 280  101165.062500
 281  101165.062500
 282  69990.484375
 283  62795.593750
 284  62246.914062
 285  61920.796875
 286  84249.484375
 287  112950.921875
 288  106235.054688
 289  86066.031250
 290  85988.468750
 291  84854.609375
 292  84854.609375
 293  98875.328125
 294  100878.265625
 295  87415.406250
 296  81285.656250
 297  78642.804688
 298  76000.757812
 299  81050.109375
 300  92166.000000
 301  92450.031250
 302  94414.171875
 303  94414.171875
 304  87061.953125
 305  86571.492188
 306  77727.703125
 307  74779.390625
 308  96208.703125
 309  112878.804688
 310  98981.250000
 311  75787.234375
 312  76999.562500
 313  82267.492188
 314  82267.492188
 315  90050.093750
 316  90050.093750
 317  68069.781250
 318  62997.195312
 319  61430.433594
 320  60496.906250
 321  72297.031250
 322  87464.421875
 323  88260.273438
 324  90643.562500
 325  93159.210938
 326  130856.835938
 327  130856.835938
 328  123573.265625
 329  122534.062500
 330  139355.734375
 331  147003.343750
 332  123717.890625
 333  100436.609375
 334  95477.203125
 335  84493.835938
 336  84786.328125
 337  86807.031250
 338  86807.031250
 339  93682.828125
 340  94141.796875
 341  105903.562500
 342  109824.679688
 343  82725.750000
 344  61652.546875
 345  81416.859375
 346  114363.984375
 347  115996.265625
 348  123057.367188
 349  123057.367188
 350  140589.625000
 351  140589.625000
 352  122719.632812
 353  118593.210938
 354  118785.179688
 355  118896.328125
 356  99041.984375
 357  73543.960938
 358  71953.054688
 359  67166.875000
 360  68653.460938
 361  90950.679688
 362  90950.679688
 363  82203.140625
 364  80952.421875
 365  85582.906250
 366  87693.234375
 367  76734.312500
 368  65790.867188
 369  65681.906250
 370  65455.457031
 371  62901.425781
 372  45007.277344
 373  45007.277344
 374  118103.562500
 375  122977.632812
 376  100570.625000
 377  93107.281250
 378  117659.195312
 379  136748.828125
 380  116114.218750
 381  81775.812500
 382  79135.687500
 383  67670.601562
 384  67670.601562
 385  80616.929688
 386  80616.929688
 387  89079.937500
 388  91029.054688
 389  73717.953125
 390  63332.171875
 391  66538.585938
 392  70660.468750
 393  72339.187500
 394  77378.812500
 395  77189.554688
 396  74349.132812
 397  74349.132812
 398  76711.226562
 399  77047.429688
 400  83346.226562
 401  86202.312500
 402  97389.875000
 403  108584.882812
 404  107626.171875
 405  105499.640625
 406  103290.828125
 407  87851.687500
 408  87851.687500
 409  75944.656250
 410  75149.328125
 411  71731.812500
 412  70597.585938
 413  71856.390625
 414  72837.867188
 415  80094.093750
 416  92185.148438
 417  91212.710938
 418  87072.062500
 419  87072.062500
 420  82746.789062
 421  82746.789062
 422  72380.937500
 423  69986.992188
 424  87291.562500
 425  97678.312500
 426  97912.726562
 427  98237.851562
 428  94024.625000
 429  81367.179688
 430  80688.468750
 431  70465.851562
 432  70465.851562
 433  100856.023438
 434  105196.171875
 435  88976.421875
 436  81612.703125
 437  74538.046875
 438  67469.515625
 439  68202.015625
 440  69805.945312
 441  74096.578125
 442  104122.078125
 443  104122.078125
 444  155559.843750
 445  159002.140625
 446  98643.750000
 447  78597.921875
 448  88112.218750
 449  95498.015625
 450  96415.500000
 451  97980.859375
 452  100727.953125
 453  112589.140625
 454  112589.140625
 455  100816.929688
