1 9330.104492
2 5453.105469
3 4921.001465
4 8062.366211
5 7193.168945
6 5811.387695
7 7417.297852
8 7732.189941
9 9108.000000
10 5110.305176
11 2749.690674
12 4354.583984
13 2520.792725
14 3832.311035
15 6474.643555
16 6263.589355
17 4317.968262
18 8093.721191
19 4293.496582
20 4583.392090
21 1306.473511
22 1057.610718
23 2774.795410
24 1815.888794
25 2907.529541
26 2082.317627
27 2294.699463
28 4834.284668
29 2597.056641
30 1225.328491
31 4601.533203
32 6586.411621
33 12080.435547
34 6825.642090
35 10062.968750
36 8805.478516
37 9203.966797
38 4256.525879
39 6247.925293
40 10840.905273
41 4831.509766
42 6233.382812
43 4165.895996
44 1830.692871
45 11968.279297
46 4143.480469
47 567.230042
48 4049.251221
49 1433.822266
50 1462.795654
51 12276.530273
52 3689.062500
53 2897.078613
54 8252.769531
55 5388.287598
56 4306.502441
57 7329.637695
58 3999.190674
59 6145.310059
60 8981.709961
61 5117.582031
62 8151.126465
63 6916.285645
64 17752.890625
65 3647.052490
66 16107.047852
67 11326.441406
68 7821.569824
69 2530.226318
70 3834.486328
71 3952.040527
72 7322.360352
73 3455.243164
74 9152.858398
75 32384.121094
76 45215.816406
77 4536.930176
78 6124.359375
79 4353.965332
80 2990.966553
81 7166.138184
82 9222.485352
83 20127.650391
84 12051.544922
85 8456.594727
86 13238.331055
87 5823.370605
88 11092.769531
89 6322.876465
90 7022.616211
91 9138.468750
92 5565.712402
93 7620.462891
94 10863.220703
95 14257.764648
96 8485.703125
97 9245.465820
98 11572.116211
99 5441.892578
100 8154.776855
